% # columns="iteration, evaluation, min max(neg(.)) min(pos(.)) max correlation, correlation matrix principle axes lengths  (sorted square roots of eigenvalues of correlation matrix)", seed=687475, Wed Nov 10 11:22:12 2021
1 10 -0.09873270780841226 -0.016274351479167913 0.005930634969315316 0.04589472015557808 0.915540416142341 0.9766359639557279 0.9958525982200299 0.997849279218365 1.0066144215151134 1.0174802843759194 1.0342779056219262 1.0498918278310354
2 20 -0.05847055222037814 -0.03617215594913029 0.02545686477282338 0.06430956936842078 0.915540416142341 0.9766359639557279 0.9958525982200299 0.997849279218365 1.0066144215151134 1.0174802843759194 1.0342779056219262 1.0498918278310354
3 30 -0.18618932515799974 -0.05639229441685122 0.035026180368748785 0.18803906657021072 0.915540416142341 0.9766359639557279 0.9958525982200299 0.997849279218365 1.0066144215151134 1.0174802843759194 1.0342779056219262 1.0498918278310354
4 40 -0.20838638127602008 -0.04296278047621732 0.03491984670390648 0.2174944030005787 0.915540416142341 0.9766359639557279 0.9958525982200299 0.997849279218365 1.0066144215151134 1.0174802843759194 1.0342779056219262 1.0498918278310354
5 50 -0.2235835496977651 -0.053226678692890626 0.03849482220120645 0.27288789343536723 0.915540416142341 0.9766359639557279 0.9958525982200299 0.997849279218365 1.0066144215151134 1.0174802843759194 1.0342779056219262 1.0498918278310354
6 60 -0.22374195181858478 -0.0828449566340761 0.040652571552166894 0.2623223993793018 0.915540416142341 0.9766359639557279 0.9958525982200299 0.997849279218365 1.0066144215151134 1.0174802843759194 1.0342779056219262 1.0498918278310354
7 70 -0.18479392716722198 -0.06659117860534061 0.02995248468162113 0.2199880204121726 0.915540416142341 0.9766359639557279 0.9958525982200299 0.997849279218365 1.0066144215151134 1.0174802843759194 1.0342779056219262 1.0498918278310354
8 80 -0.1783674279705548 -0.08976266955668424 0.04680148412033256 0.20881659191514035 0.915540416142341 0.9766359639557279 0.9958525982200299 0.997849279218365 1.0066144215151134 1.0174802843759194 1.0342779056219262 1.0498918278310354
9 90 -0.19558941546530043 -0.09137282861063363 0.05091214741534393 0.2619341445649038 0.7784453435307483 0.8659858241288135 0.9130024908737392 0.9408722749029536 1.0320843176122778 1.047129639644657 1.1224518605034393 1.2262546690999139
10 100 -0.18666584840355702 -0.10184572691088464 0.04443538384867877 0.25557917720726886 0.7784453435307483 0.8659858241288135 0.9130024908737392 0.9408722749029536 1.0320843176122778 1.047129639644657 1.1224518605034393 1.2262546690999139
11 110 -0.18641277640044587 -0.1229256192638662 0.07788186544315147 0.22074429943536134 0.7784453435307483 0.8659858241288135 0.9130024908737392 0.9408722749029536 1.0320843176122778 1.047129639644657 1.1224518605034393 1.2262546690999139
12 120 -0.19295878040975234 -0.11612901788098468 0.05433998619780308 0.27692012563569884 0.7784453435307483 0.8659858241288135 0.9130024908737392 0.9408722749029536 1.0320843176122778 1.047129639644657 1.1224518605034393 1.2262546690999139
13 130 -0.2290138544810399 -0.07391856908470697 0.057387737250000424 0.26871825163285923 0.7784453435307483 0.8659858241288135 0.9130024908737392 0.9408722749029536 1.0320843176122778 1.047129639644657 1.1224518605034393 1.2262546690999139
14 140 -0.3009671033937344 -0.11227332620843643 0.08230607763674637 0.25267802889303653 0.7784453435307483 0.8659858241288135 0.9130024908737392 0.9408722749029536 1.0320843176122778 1.047129639644657 1.1224518605034393 1.2262546690999139
15 150 -0.3313576692940863 -0.13235616781381385 0.07766984467173364 0.2529684646668539 0.7784453435307483 0.8659858241288135 0.9130024908737392 0.9408722749029536 1.0320843176122778 1.047129639644657 1.1224518605034393 1.2262546690999139
16 160 -0.3621160440667223 -0.15085512856003813 0.06887444772359952 0.2380877736499008 0.7784453435307483 0.8659858241288135 0.9130024908737392 0.9408722749029536 1.0320843176122778 1.047129639644657 1.1224518605034393 1.2262546690999139
17 170 -0.36448117467401436 -0.14366599429787585 0.10694500374290203 0.2388784310542847 0.6863672532571179 0.785563353065633 0.886243050807236 0.9057762486530774 1.0167394760855328 1.1069807660826545 1.1743119695204272 1.2914173120187882
18 180 -0.3583522236212279 -0.12212669533257997 0.11127193725035225 0.2370186248637709 0.6863672532571179 0.785563353065633 0.886243050807236 0.9057762486530774 1.0167394760855328 1.1069807660826545 1.1743119695204272 1.2914173120187882
19 190 -0.3588333639551743 -0.11372107338871554 0.08898668209767363 0.2553785107982915 0.6863672532571179 0.785563353065633 0.886243050807236 0.9057762486530774 1.0167394760855328 1.1069807660826545 1.1743119695204272 1.2914173120187882
20 200 -0.33987918624803837 -0.1222911266865866 0.0833229279419114 0.254738425722567 0.6863672532571179 0.785563353065633 0.886243050807236 0.9057762486530774 1.0167394760855328 1.1069807660826545 1.1743119695204272 1.2914173120187882
21 210 -0.3342869282594994 -0.1220029441193742 0.10289534510680468 0.29178779649256414 0.6863672532571179 0.785563353065633 0.886243050807236 0.9057762486530774 1.0167394760855328 1.1069807660826545 1.1743119695204272 1.2914173120187882
22 220 -0.3427026703193828 -0.13595194963142454 0.13476134819568564 0.30974080895980904 0.6863672532571179 0.785563353065633 0.886243050807236 0.9057762486530774 1.0167394760855328 1.1069807660826545 1.1743119695204272 1.2914173120187882
23 230 -0.3159722238464472 -0.11083531141136324 0.13814777078127627 0.327854964160328 0.6863672532571179 0.785563353065633 0.886243050807236 0.9057762486530774 1.0167394760855328 1.1069807660826545 1.1743119695204272 1.2914173120187882
24 240 -0.313871895734787 -0.07326363333514245 0.15424711100890137 0.29812058032646915 0.6863672532571179 0.785563353065633 0.886243050807236 0.9057762486530774 1.0167394760855328 1.1069807660826545 1.1743119695204272 1.2914173120187882
25 250 -0.3165247368150358 -0.09670604983695837 0.15062572905810725 0.28980536150804265 0.6720424116238947 0.7427343763897862 0.7831326118558068 0.9081223608812553 1.0305931767164194 1.0626114177287098 1.228361079900687 1.3632994789943733
26 260 -0.3062415211916521 -0.09635478407060762 0.16692253436654253 0.283157240723108 0.6720424116238947 0.7427343763897862 0.7831326118558068 0.9081223608812553 1.0305931767164194 1.0626114177287098 1.228361079900687 1.3632994789943733
27 270 -0.2860639462184931 -0.1213204127866965 0.14471448043369323 0.30221290791496913 0.6720424116238947 0.7427343763897862 0.7831326118558068 0.9081223608812553 1.0305931767164194 1.0626114177287098 1.228361079900687 1.3632994789943733
28 280 -0.31543200882758426 -0.09473836750917708 0.14686960254740522 0.35018034553731764 0.6720424116238947 0.7427343763897862 0.7831326118558068 0.9081223608812553 1.0305931767164194 1.0626114177287098 1.228361079900687 1.3632994789943733
29 290 -0.345474466802561 -0.08829708480589972 0.15770022414212054 0.3879162303577682 0.6720424116238947 0.7427343763897862 0.7831326118558068 0.9081223608812553 1.0305931767164194 1.0626114177287098 1.228361079900687 1.3632994789943733
30 300 -0.310161684707687 -0.12689365664092667 0.1413650001839985 0.37201536805699204 0.6720424116238947 0.7427343763897862 0.7831326118558068 0.9081223608812553 1.0305931767164194 1.0626114177287098 1.228361079900687 1.3632994789943733
31 310 -0.3481869556687449 -0.14097604725580212 0.1616853428875077 0.43161749511837255 0.6720424116238947 0.7427343763897862 0.7831326118558068 0.9081223608812553 1.0305931767164194 1.0626114177287098 1.228361079900687 1.3632994789943733
32 320 -0.3191867381905695 -0.1297132743926231 0.16774578943492358 0.39728494174776935 0.6720424116238947 0.7427343763897862 0.7831326118558068 0.9081223608812553 1.0305931767164194 1.0626114177287098 1.228361079900687 1.3632994789943733
33 330 -0.3419653306774242 -0.15721948689296555 0.1726882483879142 0.38460199857821603 0.6085916311337929 0.7084086491924095 0.7719938725662971 0.9517634571948713 0.9857736806696344 1.0989868173123893 1.2672853110576523 1.3566176177471634
34 340 -0.30621132215973806 -0.1446145843242784 0.18823493424950413 0.3460910747286138 0.6085916311337929 0.7084086491924095 0.7719938725662971 0.9517634571948713 0.9857736806696344 1.0989868173123893 1.2672853110576523 1.3566176177471634
35 350 -0.3417846367269348 -0.13474332173909745 0.18286978111733704 0.28710108976625776 0.6085916311337929 0.7084086491924095 0.7719938725662971 0.9517634571948713 0.9857736806696344 1.0989868173123893 1.2672853110576523 1.3566176177471634
36 360 -0.3766415957450435 -0.15574299269833647 0.20673578828474423 0.29662756488044084 0.6085916311337929 0.7084086491924095 0.7719938725662971 0.9517634571948713 0.9857736806696344 1.0989868173123893 1.2672853110576523 1.3566176177471634
37 370 -0.40698780711138405 -0.12825155888744838 0.19573847616141082 0.30561131146887605 0.6085916311337929 0.7084086491924095 0.7719938725662971 0.9517634571948713 0.9857736806696344 1.0989868173123893 1.2672853110576523 1.3566176177471634
38 380 -0.42560746568895724 -0.12281571694980009 0.17443687615093362 0.31471256469051717 0.6085916311337929 0.7084086491924095 0.7719938725662971 0.9517634571948713 0.9857736806696344 1.0989868173123893 1.2672853110576523 1.3566176177471634
39 390 -0.4256519311891501 -0.11004088359329642 0.1270079772797933 0.2940279719615091 0.6085916311337929 0.7084086491924095 0.7719938725662971 0.9517634571948713 0.9857736806696344 1.0989868173123893 1.2672853110576523 1.3566176177471634
40 400 -0.47568889191744107 -0.13352249565407648 0.13786294128762405 0.3474182205107451 0.6085916311337929 0.7084086491924095 0.7719938725662971 0.9517634571948713 0.9857736806696344 1.0989868173123893 1.2672853110576523 1.3566176177471634
41 410 -0.48605553383433786 -0.12137988981246317 0.1503943882371031 0.4040172468831539 0.5746979561213879 0.6817633293573455 0.8202302700537415 0.8793783094428858 1.0181493386196407 1.0993386564961911 1.1556930751513468 1.475817425561573
42 420 -0.5278721143937853 -0.08806507557467033 0.14497778545209355 0.38460708468908855 0.5746979561213879 0.6817633293573455 0.8202302700537415 0.8793783094428858 1.0181493386196407 1.0993386564961911 1.1556930751513468 1.475817425561573
43 430 -0.5757043832469448 -0.0871733173842053 0.13164308326730145 0.4680430455058195 0.5746979561213879 0.6817633293573455 0.8202302700537415 0.8793783094428858 1.0181493386196407 1.0993386564961911 1.1556930751513468 1.475817425561573
44 440 -0.5712904593587301 -0.07841585607362109 0.12926297512727647 0.4885283426132067 0.5746979561213879 0.6817633293573455 0.8202302700537415 0.8793783094428858 1.0181493386196407 1.0993386564961911 1.1556930751513468 1.475817425561573
45 450 -0.5487729984693697 -0.09430798899296505 0.11047612170650142 0.4895735906146332 0.5746979561213879 0.6817633293573455 0.8202302700537415 0.8793783094428858 1.0181493386196407 1.0993386564961911 1.1556930751513468 1.475817425561573
46 460 -0.5696407688800033 -0.0901453553650368 0.13631000115480835 0.5035143291874778 0.5746979561213879 0.6817633293573455 0.8202302700537415 0.8793783094428858 1.0181493386196407 1.0993386564961911 1.1556930751513468 1.475817425561573
47 470 -0.5654050469802635 -0.10543126415101547 0.10277725899153915 0.47633644421802207 0.5746979561213879 0.6817633293573455 0.8202302700537415 0.8793783094428858 1.0181493386196407 1.0993386564961911 1.1556930751513468 1.475817425561573
48 480 -0.5602610417916389 -0.11701759608142123 0.11466526738726965 0.47998580841401434 0.5746979561213879 0.6817633293573455 0.8202302700537415 0.8793783094428858 1.0181493386196407 1.0993386564961911 1.1556930751513468 1.475817425561573
49 490 -0.5179563506570596 -0.10146998797392248 0.09823098250080094 0.44179717891569364 0.5292466314930255 0.6450863132385493 0.8419358570123086 0.8844441095192443 1.0475824358202033 1.0801514345352536 1.1751268795135925 1.472272059442932
50 500 -0.5279076190166099 -0.10873548244552253 0.10802709455639287 0.436348321754315 0.5292466314930255 0.6450863132385493 0.8419358570123086 0.8844441095192443 1.0475824358202033 1.0801514345352536 1.1751268795135925 1.472272059442932
51 510 -0.5146093100104384 -0.11425380715790397 0.1393122374485445 0.3344605519422209 0.5292466314930255 0.6450863132385493 0.8419358570123086 0.8844441095192443 1.0475824358202033 1.0801514345352536 1.1751268795135925 1.472272059442932
52 520 -0.5002599674856034 -0.09718353837870608 0.15334697765432592 0.2878178467879245 0.5292466314930255 0.6450863132385493 0.8419358570123086 0.8844441095192443 1.0475824358202033 1.0801514345352536 1.1751268795135925 1.472272059442932
53 530 -0.5310126569695859 -0.11553610831639238 0.11790756090136115 0.2759771773211104 0.5292466314930255 0.6450863132385493 0.8419358570123086 0.8844441095192443 1.0475824358202033 1.0801514345352536 1.1751268795135925 1.472272059442932
54 540 -0.5680323788417206 -0.1399507510968534 0.14392178686050022 0.29796503262760377 0.5292466314930255 0.6450863132385493 0.8419358570123086 0.8844441095192443 1.0475824358202033 1.0801514345352536 1.1751268795135925 1.472272059442932
55 550 -0.635320843499742 -0.11085626223906556 0.13836044288483718 0.35493528135937835 0.5292466314930255 0.6450863132385493 0.8419358570123086 0.8844441095192443 1.0475824358202033 1.0801514345352536 1.1751268795135925 1.472272059442932
56 560 -0.6564196702954344 -0.12719851167960966 0.14069797429219003 0.35836857536665684 0.5292466314930255 0.6450863132385493 0.8419358570123086 0.8844441095192443 1.0475824358202033 1.0801514345352536 1.1751268795135925 1.472272059442932
57 570 -0.6820661594188879 -0.14046559470924513 0.17387056707507922 0.30764042497464744 0.46275482840619725 0.5714863540393469 0.8584346003264808 0.8874324661602687 0.927663395534226 1.1276593067226943 1.2866507032059966 1.465322507637039
58 580 -0.7064449310154798 -0.12579080520449676 0.16061647579942262 0.27151843443834817 0.46275482840619725 0.5714863540393469 0.8584346003264808 0.8874324661602687 0.927663395534226 1.1276593067226943 1.2866507032059966 1.465322507637039
59 590 -0.7157008233812948 -0.14668129436461314 0.12644833810578743 0.2851581027911257 0.46275482840619725 0.5714863540393469 0.8584346003264808 0.8874324661602687 0.927663395534226 1.1276593067226943 1.2866507032059966 1.465322507637039
60 600 -0.754073347125077 -0.14864931064919046 0.08718155148605802 0.37899820066800816 0.46275482840619725 0.5714863540393469 0.8584346003264808 0.8874324661602687 0.927663395534226 1.1276593067226943 1.2866507032059966 1.465322507637039
61 610 -0.7915342043715139 -0.11303526736270554 0.09416110109955392 0.4628003559434197 0.46275482840619725 0.5714863540393469 0.8584346003264808 0.8874324661602687 0.927663395534226 1.1276593067226943 1.2866507032059966 1.465322507637039
62 620 -0.7762660072619286 -0.09554871682003735 0.08089683345817136 0.48032570287201504 0.46275482840619725 0.5714863540393469 0.8584346003264808 0.8874324661602687 0.927663395534226 1.1276593067226943 1.2866507032059966 1.465322507637039
63 630 -0.8019246746448284 -0.09568580292117314 0.0877948919668026 0.48130671935073394 0.46275482840619725 0.5714863540393469 0.8584346003264808 0.8874324661602687 0.927663395534226 1.1276593067226943 1.2866507032059966 1.465322507637039
64 640 -0.79839369956453 -0.10895161146602464 0.0844017622414503 0.4762133231738417 0.46275482840619725 0.5714863540393469 0.8584346003264808 0.8874324661602687 0.927663395534226 1.1276593067226943 1.2866507032059966 1.465322507637039
65 650 -0.805771397692059 -0.1276032169631578 0.15545294776559737 0.47537001746311824 0.3859080584545536 0.48291132034994033 0.7351254747304315 0.8336255332845576 0.9704329672806841 1.1747621252845164 1.3531179014008832 1.4932502749627707
66 660 -0.8176641137330228 -0.1139286645077071 0.1471472433896016 0.5257838231069036 0.3859080584545536 0.48291132034994033 0.7351254747304315 0.8336255332845576 0.9704329672806841 1.1747621252845164 1.3531179014008832 1.4932502749627707
67 670 -0.8320850186681795 -0.12824818980071104 0.16686014241374372 0.5856785177920597 0.3859080584545536 0.48291132034994033 0.7351254747304315 0.8336255332845576 0.9704329672806841 1.1747621252845164 1.3531179014008832 1.4932502749627707
68 680 -0.8335076258630513 -0.12521738910557514 0.17344174805771756 0.5915861773280026 0.3859080584545536 0.48291132034994033 0.7351254747304315 0.8336255332845576 0.9704329672806841 1.1747621252845164 1.3531179014008832 1.4932502749627707
69 690 -0.8362845680111898 -0.11942316727695976 0.1582189258685795 0.5448077038227574 0.3859080584545536 0.48291132034994033 0.7351254747304315 0.8336255332845576 0.9704329672806841 1.1747621252845164 1.3531179014008832 1.4932502749627707
70 700 -0.8276195011690324 -0.10866929064269416 0.14129838306106124 0.5007867943865988 0.3859080584545536 0.48291132034994033 0.7351254747304315 0.8336255332845576 0.9704329672806841 1.1747621252845164 1.3531179014008832 1.4932502749627707
71 710 -0.804676037167107 -0.11469481533755356 0.13559688281829854 0.5262531668264447 0.3859080584545536 0.48291132034994033 0.7351254747304315 0.8336255332845576 0.9704329672806841 1.1747621252845164 1.3531179014008832 1.4932502749627707
72 720 -0.809085526043706 -0.115053339085113 0.17391240010119094 0.5355845372025705 0.3859080584545536 0.48291132034994033 0.7351254747304315 0.8336255332845576 0.9704329672806841 1.1747621252845164 1.3531179014008832 1.4932502749627707
73 730 -0.7877188692087969 -0.12211917526906049 0.1519226901896127 0.5528975855414543 0.3929149400090042 0.4280396841554184 0.748403577969695 0.8542556007804837 0.9697997739023247 1.0834925007355642 1.3055455317023112 1.5980058184387531
74 740 -0.7921835664021194 -0.12124543976133234 0.16768955512534828 0.5782849229086702 0.3929149400090042 0.4280396841554184 0.748403577969695 0.8542556007804837 0.9697997739023247 1.0834925007355642 1.3055455317023112 1.5980058184387531
75 750 -0.7868358159252372 -0.12086068292675257 0.1430004727045734 0.5720842137481025 0.3929149400090042 0.4280396841554184 0.748403577969695 0.8542556007804837 0.9697997739023247 1.0834925007355642 1.3055455317023112 1.5980058184387531
76 760 -0.7828000749767201 -0.1368554662306553 0.1469413694843117 0.5870322817841441 0.3929149400090042 0.4280396841554184 0.748403577969695 0.8542556007804837 0.9697997739023247 1.0834925007355642 1.3055455317023112 1.5980058184387531
77 770 -0.7786109786621868 -0.14457926991469866 0.14646726961029596 0.5889035340608382 0.3929149400090042 0.4280396841554184 0.748403577969695 0.8542556007804837 0.9697997739023247 1.0834925007355642 1.3055455317023112 1.5980058184387531
78 780 -0.771215516555096 -0.1431938150345458 0.1387319196619008 0.6083668846343891 0.3929149400090042 0.4280396841554184 0.748403577969695 0.8542556007804837 0.9697997739023247 1.0834925007355642 1.3055455317023112 1.5980058184387531
79 790 -0.7742010672386651 -0.15130629404408294 0.17316002889048587 0.5980524385151754 0.3929149400090042 0.4280396841554184 0.748403577969695 0.8542556007804837 0.9697997739023247 1.0834925007355642 1.3055455317023112 1.5980058184387531
80 800 -0.7714141625730663 -0.1716442938329364 0.1813142956136903 0.6121623354606891 0.3929149400090042 0.4280396841554184 0.748403577969695 0.8542556007804837 0.9697997739023247 1.0834925007355642 1.3055455317023112 1.5980058184387531
81 810 -0.7672964029863977 -0.18878621377369958 0.1524253388777852 0.6441839324304354 0.39817477186115774 0.4187005317366419 0.7428176221620123 0.827106530546111 0.9335216536076323 1.0880558333462211 1.2665387775493369 1.664576472812554
82 820 -0.7697996502623703 -0.20595538670670216 0.1115057474733673 0.6585946808651797 0.39817477186115774 0.4187005317366419 0.7428176221620123 0.827106530546111 0.9335216536076323 1.0880558333462211 1.2665387775493369 1.664576472812554
83 830 -0.7821477640359861 -0.2065367756743549 0.1408517016487286 0.6413262018251742 0.39817477186115774 0.4187005317366419 0.7428176221620123 0.827106530546111 0.9335216536076323 1.0880558333462211 1.2665387775493369 1.664576472812554
84 840 -0.7776727996884056 -0.2375525925954881 0.185430639999549 0.5641305343040467 0.39817477186115774 0.4187005317366419 0.7428176221620123 0.827106530546111 0.9335216536076323 1.0880558333462211 1.2665387775493369 1.664576472812554
85 850 -0.7697572252729564 -0.26765408110507394 0.2061173376178561 0.5654799287700946 0.39817477186115774 0.4187005317366419 0.7428176221620123 0.827106530546111 0.9335216536076323 1.0880558333462211 1.2665387775493369 1.664576472812554
86 860 -0.7657519522924737 -0.2798128251823011 0.22416545852047728 0.5312934272703405 0.39817477186115774 0.4187005317366419 0.7428176221620123 0.827106530546111 0.9335216536076323 1.0880558333462211 1.2665387775493369 1.664576472812554
87 870 -0.7470360286537525 -0.26974691928242994 0.2087175352506414 0.516839718659086 0.39817477186115774 0.4187005317366419 0.7428176221620123 0.827106530546111 0.9335216536076323 1.0880558333462211 1.2665387775493369 1.664576472812554
88 880 -0.7516916053589496 -0.3030747507083841 0.2075563293948694 0.5759614869455779 0.39817477186115774 0.4187005317366419 0.7428176221620123 0.827106530546111 0.9335216536076323 1.0880558333462211 1.2665387775493369 1.664576472812554
89 890 -0.750533230166172 -0.290415695572252 0.20137643124420979 0.6003057444088924 0.38972065385584387 0.5355463413679166 0.6972672413343832 0.809386790831377 0.8891242652854883 1.0932551018576866 1.232928195857743 1.7070907217242108
90 900 -0.7611991961069641 -0.2856204673301641 0.18965087765694744 0.6152201392943397 0.38972065385584387 0.5355463413679166 0.6972672413343832 0.809386790831377 0.8891242652854883 1.0932551018576866 1.232928195857743 1.7070907217242108
91 910 -0.7815697197201947 -0.2521288911935232 0.20070790392739027 0.5729945124919946 0.38972065385584387 0.5355463413679166 0.6972672413343832 0.809386790831377 0.8891242652854883 1.0932551018576866 1.232928195857743 1.7070907217242108
92 920 -0.7719862381336425 -0.26810848005762805 0.2275588848181986 0.563020621576967 0.38972065385584387 0.5355463413679166 0.6972672413343832 0.809386790831377 0.8891242652854883 1.0932551018576866 1.232928195857743 1.7070907217242108
93 930 -0.7516612928422763 -0.25758183521094424 0.24732089880834068 0.5694819050640813 0.38972065385584387 0.5355463413679166 0.6972672413343832 0.809386790831377 0.8891242652854883 1.0932551018576866 1.232928195857743 1.7070907217242108
94 940 -0.7346516206353958 -0.2545454680998899 0.24236664905036553 0.5480098343443678 0.38972065385584387 0.5355463413679166 0.6972672413343832 0.809386790831377 0.8891242652854883 1.0932551018576866 1.232928195857743 1.7070907217242108
95 950 -0.7458290281866117 -0.2526943221100116 0.23564907624550618 0.559279838485853 0.38972065385584387 0.5355463413679166 0.6972672413343832 0.809386790831377 0.8891242652854883 1.0932551018576866 1.232928195857743 1.7070907217242108
96 960 -0.7484392400038681 -0.2544422665661533 0.23870696752261716 0.576584992552748 0.38972065385584387 0.5355463413679166 0.6972672413343832 0.809386790831377 0.8891242652854883 1.0932551018576866 1.232928195857743 1.7070907217242108
97 970 -0.7721636129562218 -0.2540307469733983 0.21434485436082523 0.5786259363855117 0.35170839012847205 0.5913938792143723 0.6790614283999279 0.8356528613707817 0.9957505811666324 1.0242650473331476 1.1831376603478259 1.7107488212089748
98 980 -0.7578260388876185 -0.24722272325812922 0.18891742425291952 0.6064545337847572 0.35170839012847205 0.5913938792143723 0.6790614283999279 0.8356528613707817 0.9957505811666324 1.0242650473331476 1.1831376603478259 1.7107488212089748
99 990 -0.7387545205922059 -0.23757604124495474 0.17026678499613634 0.5684727227347938 0.35170839012847205 0.5913938792143723 0.6790614283999279 0.8356528613707817 0.9957505811666324 1.0242650473331476 1.1831376603478259 1.7107488212089748
100 1000 -0.7479020700837284 -0.2257547155509512 0.18002113062902192 0.5731052800694704 0.35170839012847205 0.5913938792143723 0.6790614283999279 0.8356528613707817 0.9957505811666324 1.0242650473331476 1.1831376603478259 1.7107488212089748
101 1010 -0.7541104195186612 -0.2000360519040575 0.16917068231600277 0.553825262755415 0.35170839012847205 0.5913938792143723 0.6790614283999279 0.8356528613707817 0.9957505811666324 1.0242650473331476 1.1831376603478259 1.7107488212089748
102 1020 -0.7670666809056322 -0.23894356006799844 0.19360786191497548 0.5373272965835673 0.35170839012847205 0.5913938792143723 0.6790614283999279 0.8356528613707817 0.9957505811666324 1.0242650473331476 1.1831376603478259 1.7107488212089748
103 1030 -0.7885887812356749 -0.2156812994397887 0.18438013829617256 0.4987083398934205 0.35170839012847205 0.5913938792143723 0.6790614283999279 0.8356528613707817 0.9957505811666324 1.0242650473331476 1.1831376603478259 1.7107488212089748
104 1040 -0.7575413948613108 -0.24735138649950755 0.17498197200689553 0.49935496585174577 0.35170839012847205 0.5913938792143723 0.6790614283999279 0.8356528613707817 0.9957505811666324 1.0242650473331476 1.1831376603478259 1.7107488212089748
105 1050 -0.7546018142463585 -0.2235356630225129 0.20512337355372567 0.4868116640702404 0.3566057913260609 0.6158532580118138 0.711972293945643 0.8321984697049405 1.0067753780413584 1.0868864240828882 1.1302228654090873 1.6798142003459628
106 1060 -0.7499606676108543 -0.2045667595476083 0.23174385547277876 0.49083519058880104 0.3566057913260609 0.6158532580118138 0.711972293945643 0.8321984697049405 1.0067753780413584 1.0868864240828882 1.1302228654090873 1.6798142003459628
107 1070 -0.7336565602228621 -0.20629013545983751 0.21619594216150978 0.4972015862015107 0.3566057913260609 0.6158532580118138 0.711972293945643 0.8321984697049405 1.0067753780413584 1.0868864240828882 1.1302228654090873 1.6798142003459628
108 1080 -0.7056636732860737 -0.20709721134485276 0.24833493619174024 0.4826378340046182 0.3566057913260609 0.6158532580118138 0.711972293945643 0.8321984697049405 1.0067753780413584 1.0868864240828882 1.1302228654090873 1.6798142003459628
109 1090 -0.6927905317714748 -0.22020714460764818 0.23573039827244263 0.48268394790082525 0.3566057913260609 0.6158532580118138 0.711972293945643 0.8321984697049405 1.0067753780413584 1.0868864240828882 1.1302228654090873 1.6798142003459628
110 1100 -0.6802524957001527 -0.1838634193206316 0.21913515561530555 0.5181117837594832 0.3566057913260609 0.6158532580118138 0.711972293945643 0.8321984697049405 1.0067753780413584 1.0868864240828882 1.1302228654090873 1.6798142003459628
111 1110 -0.6871610755520872 -0.19526670397651424 0.23586256542514628 0.5298623357102528 0.3566057913260609 0.6158532580118138 0.711972293945643 0.8321984697049405 1.0067753780413584 1.0868864240828882 1.1302228654090873 1.6798142003459628
112 1120 -0.6847120703499109 -0.19804259050057016 0.24378432060205107 0.515997418617455 0.3566057913260609 0.6158532580118138 0.711972293945643 0.8321984697049405 1.0067753780413584 1.0868864240828882 1.1302228654090873 1.6798142003459628
113 1130 -0.6611458727188299 -0.1981589534617037 0.19142853307561805 0.4908434260978277 0.3952039259938272 0.6635810305340623 0.7051408935142297 0.8620805152218888 0.949028876122363 1.0289110412101725 1.323015552636817 1.5663280906010577
114 1140 -0.6641886962795547 -0.21353941892260314 0.1924193600007174 0.4894763716456202 0.3952039259938272 0.6635810305340623 0.7051408935142297 0.8620805152218888 0.949028876122363 1.0289110412101725 1.323015552636817 1.5663280906010577
115 1150 -0.670548551374181 -0.20957149202943612 0.19062526210368014 0.5012260639137444 0.3952039259938272 0.6635810305340623 0.7051408935142297 0.8620805152218888 0.949028876122363 1.0289110412101725 1.323015552636817 1.5663280906010577
116 1160 -0.6859957785351212 -0.2260150221314363 0.20786682258454517 0.5302385728001869 0.3952039259938272 0.6635810305340623 0.7051408935142297 0.8620805152218888 0.949028876122363 1.0289110412101725 1.323015552636817 1.5663280906010577
117 1170 -0.6746495052064956 -0.22233631391973602 0.20138069981334314 0.5464194873628979 0.3952039259938272 0.6635810305340623 0.7051408935142297 0.8620805152218888 0.949028876122363 1.0289110412101725 1.323015552636817 1.5663280906010577
118 1180 -0.677546418894067 -0.2145980245743205 0.17085364764942462 0.5002811399295847 0.3952039259938272 0.6635810305340623 0.7051408935142297 0.8620805152218888 0.949028876122363 1.0289110412101725 1.323015552636817 1.5663280906010577
119 1190 -0.6684935166363117 -0.20531301433964383 0.1723531885002853 0.4945127501679744 0.3952039259938272 0.6635810305340623 0.7051408935142297 0.8620805152218888 0.949028876122363 1.0289110412101725 1.323015552636817 1.5663280906010577
120 1200 -0.6592937328668024 -0.20503121438653282 0.16296836882201562 0.5000869143042108 0.3952039259938272 0.6635810305340623 0.7051408935142297 0.8620805152218888 0.949028876122363 1.0289110412101725 1.323015552636817 1.5663280906010577
121 1210 -0.6126870531885527 -0.21137357020271258 0.15269486636308777 0.5029346274460246 0.4068932048101914 0.623372759528965 0.7160630515553229 0.868704473603294 0.9535393182813393 1.0598179434083577 1.2819370641508496 1.5819723844533362
122 1220 -0.5761658200319717 -0.20261814020576518 0.1555789086666855 0.4641262959195635 0.4068932048101914 0.623372759528965 0.7160630515553229 0.868704473603294 0.9535393182813393 1.0598179434083577 1.2819370641508496 1.5819723844533362
123 1230 -0.5752230746690978 -0.1916465156012757 0.17921809157579627 0.4495892004612237 0.4068932048101914 0.623372759528965 0.7160630515553229 0.868704473603294 0.9535393182813393 1.0598179434083577 1.2819370641508496 1.5819723844533362
124 1240 -0.6070202618466332 -0.20747926859629234 0.17449071637990113 0.4791435503134308 0.4068932048101914 0.623372759528965 0.7160630515553229 0.868704473603294 0.9535393182813393 1.0598179434083577 1.2819370641508496 1.5819723844533362
125 1250 -0.6061990585634606 -0.20889104059922126 0.17200872230907133 0.506662189371225 0.4068932048101914 0.623372759528965 0.7160630515553229 0.868704473603294 0.9535393182813393 1.0598179434083577 1.2819370641508496 1.5819723844533362
126 1260 -0.5650745184489596 -0.2210427143286955 0.18676851807932132 0.4681594488769938 0.4068932048101914 0.623372759528965 0.7160630515553229 0.868704473603294 0.9535393182813393 1.0598179434083577 1.2819370641508496 1.5819723844533362
127 1270 -0.5705341796605308 -0.2253569871016085 0.19639097827520396 0.4474332964010028 0.4068932048101914 0.623372759528965 0.7160630515553229 0.868704473603294 0.9535393182813393 1.0598179434083577 1.2819370641508496 1.5819723844533362
128 1280 -0.5841864977950031 -0.22520638289940398 0.1856428434151473 0.44715077699014705 0.4068932048101914 0.623372759528965 0.7160630515553229 0.868704473603294 0.9535393182813393 1.0598179434083577 1.2819370641508496 1.5819723844533362
129 1290 -0.5814541739410736 -0.21523860845081358 0.18169614835911552 0.47055015441375675 0.39157814435149074 0.6662524594706628 0.7332703802774184 0.8669300509693658 0.9395225575115215 1.0578509897680801 1.2051623873434534 1.6307523787368605
130 1300 -0.6013273196658347 -0.20789593562696684 0.1705238568961 0.4557701277050469 0.39157814435149074 0.6662524594706628 0.7332703802774184 0.8669300509693658 0.9395225575115215 1.0578509897680801 1.2051623873434534 1.6307523787368605
131 1310 -0.6007337917920877 -0.1926083358662362 0.16917362497601152 0.42203556892798283 0.39157814435149074 0.6662524594706628 0.7332703802774184 0.8669300509693658 0.9395225575115215 1.0578509897680801 1.2051623873434534 1.6307523787368605
132 1320 -0.5917820144997102 -0.18136147473819914 0.18503081647769698 0.379960427299528 0.39157814435149074 0.6662524594706628 0.7332703802774184 0.8669300509693658 0.9395225575115215 1.0578509897680801 1.2051623873434534 1.6307523787368605
133 1330 -0.6049021009405811 -0.19634080511692398 0.17618972310988318 0.4441108508368459 0.39157814435149074 0.6662524594706628 0.7332703802774184 0.8669300509693658 0.9395225575115215 1.0578509897680801 1.2051623873434534 1.6307523787368605
134 1340 -0.6195318947001346 -0.202747177081452 0.1834669040831678 0.4502383434773081 0.39157814435149074 0.6662524594706628 0.7332703802774184 0.8669300509693658 0.9395225575115215 1.0578509897680801 1.2051623873434534 1.6307523787368605
135 1350 -0.650268491536834 -0.19392362547491468 0.14490364546226028 0.465277018235221 0.39157814435149074 0.6662524594706628 0.7332703802774184 0.8669300509693658 0.9395225575115215 1.0578509897680801 1.2051623873434534 1.6307523787368605
136 1360 -0.6522018537845298 -0.11999306836329933 0.15603609730741663 0.4853226713471374 0.39157814435149074 0.6662524594706628 0.7332703802774184 0.8669300509693658 0.9395225575115215 1.0578509897680801 1.2051623873434534 1.6307523787368605
137 1370 -0.658453453450992 -0.18579658083011677 0.13737550906452436 0.5003257014662141 0.3719171414510272 0.6988011721104969 0.8091143100796659 0.8263256943312512 0.995297695638182 1.057422068410726 1.1212043124101498 1.6340184815332919
138 1380 -0.6574069359663564 -0.17399250462284283 0.1265094213771077 0.5386269373072917 0.3719171414510272 0.6988011721104969 0.8091143100796659 0.8263256943312512 0.995297695638182 1.057422068410726 1.1212043124101498 1.6340184815332919
139 1390 -0.6608947657178789 -0.18360658833155796 0.16153072957372416 0.5330944409038748 0.3719171414510272 0.6988011721104969 0.8091143100796659 0.8263256943312512 0.995297695638182 1.057422068410726 1.1212043124101498 1.6340184815332919
140 1400 -0.6647086665966788 -0.16295522305302462 0.1492220917437975 0.4426200158110709 0.3719171414510272 0.6988011721104969 0.8091143100796659 0.8263256943312512 0.995297695638182 1.057422068410726 1.1212043124101498 1.6340184815332919
141 1410 -0.6581613996756528 -0.1336293878137217 0.17367296029185747 0.42771948981955393 0.3719171414510272 0.6988011721104969 0.8091143100796659 0.8263256943312512 0.995297695638182 1.057422068410726 1.1212043124101498 1.6340184815332919
142 1420 -0.6856735637036142 -0.1863008967628829 0.16033284402319814 0.46903170054889376 0.3719171414510272 0.6988011721104969 0.8091143100796659 0.8263256943312512 0.995297695638182 1.057422068410726 1.1212043124101498 1.6340184815332919
143 1430 -0.7050988079681503 -0.1856384291429759 0.15580573087150418 0.4366349688880074 0.3719171414510272 0.6988011721104969 0.8091143100796659 0.8263256943312512 0.995297695638182 1.057422068410726 1.1212043124101498 1.6340184815332919
144 1440 -0.6997976260067227 -0.18688267003115858 0.1725392185013483 0.438492096038875 0.3719171414510272 0.6988011721104969 0.8091143100796659 0.8263256943312512 0.995297695638182 1.057422068410726 1.1212043124101498 1.6340184815332919
145 1450 -0.7257937628616702 -0.16968019634756554 0.17311236776991742 0.4216024075912643 0.36173651642654553 0.7181498545820562 0.8095953404780053 0.8577728278907453 0.9284733852300711 1.0386402409476303 1.1614416797012148 1.634749365166555
146 1460 -0.7462564599721343 -0.20993102686853876 0.1708986105833281 0.4544444072981167 0.36173651642654553 0.7181498545820562 0.8095953404780053 0.8577728278907453 0.9284733852300711 1.0386402409476303 1.1614416797012148 1.634749365166555
147 1470 -0.744660661557648 -0.21307633469639325 0.1674751339054937 0.4841988996462405 0.36173651642654553 0.7181498545820562 0.8095953404780053 0.8577728278907453 0.9284733852300711 1.0386402409476303 1.1614416797012148 1.634749365166555
148 1480 -0.7425437845193185 -0.23046910854911318 0.12394392479034548 0.4762187223980427 0.36173651642654553 0.7181498545820562 0.8095953404780053 0.8577728278907453 0.9284733852300711 1.0386402409476303 1.1614416797012148 1.634749365166555
149 1490 -0.7378438383820833 -0.2172300999813557 0.13900332620180447 0.4551524100059732 0.36173651642654553 0.7181498545820562 0.8095953404780053 0.8577728278907453 0.9284733852300711 1.0386402409476303 1.1614416797012148 1.634749365166555
150 1500 -0.7294968042277139 -0.23702801083955088 0.12463054983959919 0.48609103300797807 0.36173651642654553 0.7181498545820562 0.8095953404780053 0.8577728278907453 0.9284733852300711 1.0386402409476303 1.1614416797012148 1.634749365166555
151 1510 -0.7309041625601536 -0.23077322663082966 0.13326278916955714 0.49780363183026305 0.36173651642654553 0.7181498545820562 0.8095953404780053 0.8577728278907453 0.9284733852300711 1.0386402409476303 1.1614416797012148 1.634749365166555
152 1520 -0.6833551921258758 -0.24157211970584405 0.13135273304095174 0.4925879810864521 0.36173651642654553 0.7181498545820562 0.8095953404780053 0.8577728278907453 0.9284733852300711 1.0386402409476303 1.1614416797012148 1.634749365166555
153 1530 -0.6882805908781218 -0.24814955619518853 0.14850394766108116 0.5330655186240464 0.386157084134403 0.6480541494810454 0.8032481790404854 0.8226597448680196 0.9064145810363975 0.98191188010516 1.1999631767343517 1.6980229310081798
154 1540 -0.6471135446852488 -0.27066818371660895 0.1791357006076656 0.5559115908318376 0.386157084134403 0.6480541494810454 0.8032481790404854 0.8226597448680196 0.9064145810363975 0.98191188010516 1.1999631767343517 1.6980229310081798
155 1550 -0.6669744824191801 -0.2965792595546172 0.16397914008806222 0.5249346613181801 0.386157084134403 0.6480541494810454 0.8032481790404854 0.8226597448680196 0.9064145810363975 0.98191188010516 1.1999631767343517 1.6980229310081798
156 1560 -0.6692002655271491 -0.3024371951068181 0.15415363392523307 0.5782129494925344 0.386157084134403 0.6480541494810454 0.8032481790404854 0.8226597448680196 0.9064145810363975 0.98191188010516 1.1999631767343517 1.6980229310081798
157 1570 -0.678117483721646 -0.2965027793620663 0.18113474805321617 0.6055468339940746 0.386157084134403 0.6480541494810454 0.8032481790404854 0.8226597448680196 0.9064145810363975 0.98191188010516 1.1999631767343517 1.6980229310081798
158 1580 -0.6630300149768263 -0.2891521811958362 0.1328783790352126 0.5937199645778628 0.386157084134403 0.6480541494810454 0.8032481790404854 0.8226597448680196 0.9064145810363975 0.98191188010516 1.1999631767343517 1.6980229310081798
159 1590 -0.6581750665875087 -0.2863473288271332 0.12639431443808824 0.5730718524314484 0.386157084134403 0.6480541494810454 0.8032481790404854 0.8226597448680196 0.9064145810363975 0.98191188010516 1.1999631767343517 1.6980229310081798
160 1600 -0.6509226503649668 -0.281788381243259 0.1241431242361751 0.5614305057390896 0.386157084134403 0.6480541494810454 0.8032481790404854 0.8226597448680196 0.9064145810363975 0.98191188010516 1.1999631767343517 1.6980229310081798
161 1610 -0.6451391941014515 -0.3068515199547859 0.1409306115958867 0.5711541722155387 0.3939440985026716 0.6508310555859091 0.7585008522319573 0.8058408200939726 0.887138800706254 0.9917154882430793 1.1897442202841815 1.7350843907816598
162 1620 -0.6608887547796874 -0.2954327832178919 0.14350973691361105 0.5686248478544964 0.3939440985026716 0.6508310555859091 0.7585008522319573 0.8058408200939726 0.887138800706254 0.9917154882430793 1.1897442202841815 1.7350843907816598
163 1630 -0.6705034124684209 -0.32709379291751617 0.16364197418650936 0.6150923502058271 0.3939440985026716 0.6508310555859091 0.7585008522319573 0.8058408200939726 0.887138800706254 0.9917154882430793 1.1897442202841815 1.7350843907816598
164 1640 -0.6713305171289833 -0.3433636907273384 0.20386779115512518 0.6060323680737622 0.3939440985026716 0.6508310555859091 0.7585008522319573 0.8058408200939726 0.887138800706254 0.9917154882430793 1.1897442202841815 1.7350843907816598
165 1650 -0.6296183417838199 -0.35888995735097007 0.20177073419832675 0.5716539584618839 0.3939440985026716 0.6508310555859091 0.7585008522319573 0.8058408200939726 0.887138800706254 0.9917154882430793 1.1897442202841815 1.7350843907816598
166 1660 -0.6178056750227596 -0.3494753791755408 0.1958481453613053 0.5776043759218781 0.3939440985026716 0.6508310555859091 0.7585008522319573 0.8058408200939726 0.887138800706254 0.9917154882430793 1.1897442202841815 1.7350843907816598
167 1670 -0.6377639482499945 -0.34945421600264726 0.2232941393881555 0.5793418199133619 0.3939440985026716 0.6508310555859091 0.7585008522319573 0.8058408200939726 0.887138800706254 0.9917154882430793 1.1897442202841815 1.7350843907816598
168 1680 -0.6262241417512924 -0.34795489421586756 0.2415450246832898 0.5809664662492957 0.3939440985026716 0.6508310555859091 0.7585008522319573 0.8058408200939726 0.887138800706254 0.9917154882430793 1.1897442202841815 1.7350843907816598
169 1690 -0.6156249077360837 -0.33059868470083953 0.2269602423434131 0.5898943159298622 0.3986192769821655 0.6078430273699748 0.6580036775784338 0.80838637290325 0.8853310050317825 1.028798745303877 1.2568096646378049 1.7214423541196775
170 1700 -0.6018362231618647 -0.3063052821166483 0.22630281758614168 0.5497179820583357 0.3986192769821655 0.6078430273699748 0.6580036775784338 0.80838637290325 0.8853310050317825 1.028798745303877 1.2568096646378049 1.7214423541196775
171 1710 -0.6219709203888268 -0.303861622091378 0.2419591082413322 0.5316228459896617 0.3986192769821655 0.6078430273699748 0.6580036775784338 0.80838637290325 0.8853310050317825 1.028798745303877 1.2568096646378049 1.7214423541196775
172 1720 -0.6394938927748802 -0.3138189281748366 0.2402271375821985 0.5264417226888409 0.3986192769821655 0.6078430273699748 0.6580036775784338 0.80838637290325 0.8853310050317825 1.028798745303877 1.2568096646378049 1.7214423541196775
173 1730 -0.6846082231767951 -0.3094996968793178 0.2587997884487449 0.5303929367862609 0.3986192769821655 0.6078430273699748 0.6580036775784338 0.80838637290325 0.8853310050317825 1.028798745303877 1.2568096646378049 1.7214423541196775
174 1740 -0.6687659574336545 -0.2847943715941872 0.23174721863828085 0.5373518121478207 0.3986192769821655 0.6078430273699748 0.6580036775784338 0.80838637290325 0.8853310050317825 1.028798745303877 1.2568096646378049 1.7214423541196775
175 1750 -0.6561712942436433 -0.29792036086309526 0.2247403818948992 0.5127845360706073 0.3986192769821655 0.6078430273699748 0.6580036775784338 0.80838637290325 0.8853310050317825 1.028798745303877 1.2568096646378049 1.7214423541196775
176 1760 -0.6589761473238056 -0.31338527619202494 0.22407654453906395 0.5182272057221652 0.3986192769821655 0.6078430273699748 0.6580036775784338 0.80838637290325 0.8853310050317825 1.028798745303877 1.2568096646378049 1.7214423541196775
177 1770 -0.6416570802849897 -0.3398441435734474 0.2281279058991919 0.5425535882950748 0.4035227367408942 0.5791435368847286 0.6611459710094733 0.8325989771614098 0.8575469210348944 1.0267938550807618 1.2031999002731302 1.7703233518880648
178 1780 -0.6670902215463873 -0.3339894076586002 0.22394392051284046 0.5532225081247429 0.4035227367408942 0.5791435368847286 0.6611459710094733 0.8325989771614098 0.8575469210348944 1.0267938550807618 1.2031999002731302 1.7703233518880648
179 1790 -0.630228424008082 -0.3242040291249699 0.17400075767566756 0.5162227172737913 0.4035227367408942 0.5791435368847286 0.6611459710094733 0.8325989771614098 0.8575469210348944 1.0267938550807618 1.2031999002731302 1.7703233518880648
180 1800 -0.6546145245937027 -0.3202564888960673 0.16925371553359045 0.47998433080376396 0.4035227367408942 0.5791435368847286 0.6611459710094733 0.8325989771614098 0.8575469210348944 1.0267938550807618 1.2031999002731302 1.7703233518880648
181 1810 -0.6789676487773106 -0.2917302757632956 0.1378358312271837 0.44227984420206 0.4035227367408942 0.5791435368847286 0.6611459710094733 0.8325989771614098 0.8575469210348944 1.0267938550807618 1.2031999002731302 1.7703233518880648
182 1820 -0.681228038938543 -0.29842847354749846 0.16213945736865248 0.45843562443251057 0.4035227367408942 0.5791435368847286 0.6611459710094733 0.8325989771614098 0.8575469210348944 1.0267938550807618 1.2031999002731302 1.7703233518880648
183 1830 -0.6866987887138941 -0.2700725706356796 0.15842891638130446 0.4700109836907425 0.4035227367408942 0.5791435368847286 0.6611459710094733 0.8325989771614098 0.8575469210348944 1.0267938550807618 1.2031999002731302 1.7703233518880648
184 1840 -0.6894864921786656 -0.26762980964382527 0.15237253624437047 0.5040693171873795 0.4035227367408942 0.5791435368847286 0.6611459710094733 0.8325989771614098 0.8575469210348944 1.0267938550807618 1.2031999002731302 1.7703233518880648
185 1850 -0.6928479101473815 -0.2667813034221674 0.17344404212878523 0.4931187201429166 0.4089126268019145 0.6077549593392255 0.6518950157798625 0.8080121526408838 0.8615954482366368 1.1000391503454983 1.1577701555081763 1.758609974077877
186 1860 -0.6729481008248737 -0.22368660155359216 0.155960502281775 0.42711803062292236 0.4089126268019145 0.6077549593392255 0.6518950157798625 0.8080121526408838 0.8615954482366368 1.1000391503454983 1.1577701555081763 1.758609974077877
187 1870 -0.6689124600491327 -0.22407790117697435 0.14827847369638078 0.4386947641657939 0.4089126268019145 0.6077549593392255 0.6518950157798625 0.8080121526408838 0.8615954482366368 1.1000391503454983 1.1577701555081763 1.758609974077877
188 1880 -0.6833862737960131 -0.1946056288595476 0.16216610339592447 0.45111481676226484 0.4089126268019145 0.6077549593392255 0.6518950157798625 0.8080121526408838 0.8615954482366368 1.1000391503454983 1.1577701555081763 1.758609974077877
189 1890 -0.6717513494182774 -0.20225779836945632 0.1382311953084403 0.46056851681845545 0.4089126268019145 0.6077549593392255 0.6518950157798625 0.8080121526408838 0.8615954482366368 1.1000391503454983 1.1577701555081763 1.758609974077877
190 1900 -0.6617776992400595 -0.21050905899183775 0.14663621081283754 0.46480925669233797 0.4089126268019145 0.6077549593392255 0.6518950157798625 0.8080121526408838 0.8615954482366368 1.1000391503454983 1.1577701555081763 1.758609974077877
191 1910 -0.6716789061836828 -0.22269099244035928 0.1574027975974946 0.48632730928759815 0.4089126268019145 0.6077549593392255 0.6518950157798625 0.8080121526408838 0.8615954482366368 1.1000391503454983 1.1577701555081763 1.758609974077877
192 1920 -0.6841553314184188 -0.22636327646688287 0.16445397161361802 0.4699163499613117 0.4089126268019145 0.6077549593392255 0.6518950157798625 0.8080121526408838 0.8615954482366368 1.1000391503454983 1.1577701555081763 1.758609974077877
193 1930 -0.6804740719682777 -0.2246874768949188 0.2045967390504286 0.449486195014976 0.4481270625253488 0.5940856617089639 0.7138138877038706 0.8097882559594638 0.8822347948288072 1.0864101568838906 1.2853832081662182 1.6340507405196
194 1940 -0.6689406611389023 -0.2037208959918834 0.20466510802667043 0.4459753793230322 0.4481270625253488 0.5940856617089639 0.7138138877038706 0.8097882559594638 0.8822347948288072 1.0864101568838906 1.2853832081662182 1.6340507405196
195 1950 -0.666296614828728 -0.23163510914226776 0.22396124405733014 0.47680546800628226 0.4481270625253488 0.5940856617089639 0.7138138877038706 0.8097882559594638 0.8822347948288072 1.0864101568838906 1.2853832081662182 1.6340507405196
196 1960 -0.6554931187925399 -0.22965317036472602 0.23586572408229214 0.48835723538222225 0.4481270625253488 0.5940856617089639 0.7138138877038706 0.8097882559594638 0.8822347948288072 1.0864101568838906 1.2853832081662182 1.6340507405196
197 1970 -0.6451613760211367 -0.21576005461267717 0.22559780688014325 0.4718707813897688 0.4481270625253488 0.5940856617089639 0.7138138877038706 0.8097882559594638 0.8822347948288072 1.0864101568838906 1.2853832081662182 1.6340507405196
198 1980 -0.6131886044690875 -0.2154206048076008 0.2272030527130388 0.4504260196385472 0.4481270625253488 0.5940856617089639 0.7138138877038706 0.8097882559594638 0.8822347948288072 1.0864101568838906 1.2853832081662182 1.6340507405196
199 1990 -0.597570440644315 -0.20696880625088881 0.19788955458217589 0.43163465396855705 0.4481270625253488 0.5940856617089639 0.7138138877038706 0.8097882559594638 0.8822347948288072 1.0864101568838906 1.2853832081662182 1.6340507405196
200 2000 -0.5952620245867923 -0.18854227986245464 0.19658831173949465 0.42301725914885996 0.4481270625253488 0.5940856617089639 0.7138138877038706 0.8097882559594638 0.8822347948288072 1.0864101568838906 1.2853832081662182 1.6340507405196
201 2010 -0.5784421242424046 -0.17863854858697825 0.1857273625625286 0.4587533325586265 0.48509997301357494 0.5910785744057759 0.6889812779888445 0.860238624116006 0.9169208224119965 1.039003939456205 1.3049157486105734 1.6054657739953297
202 2020 -0.5494468996961654 -0.18946546311793871 0.19928598938333456 0.4669848805996988 0.48509997301357494 0.5910785744057759 0.6889812779888445 0.860238624116006 0.9169208224119965 1.039003939456205 1.3049157486105734 1.6054657739953297
203 2030 -0.5759181632595632 -0.19475872401823444 0.18607708019418606 0.4711410463279651 0.48509997301357494 0.5910785744057759 0.6889812779888445 0.860238624116006 0.9169208224119965 1.039003939456205 1.3049157486105734 1.6054657739953297
204 2040 -0.6033261531764376 -0.1893470665035813 0.181516480901677 0.4862584389865529 0.48509997301357494 0.5910785744057759 0.6889812779888445 0.860238624116006 0.9169208224119965 1.039003939456205 1.3049157486105734 1.6054657739953297
205 2050 -0.6379296086040694 -0.1859597649393463 0.1895192731713053 0.5290066788766179 0.48509997301357494 0.5910785744057759 0.6889812779888445 0.860238624116006 0.9169208224119965 1.039003939456205 1.3049157486105734 1.6054657739953297
206 2060 -0.66131537134998 -0.19211947956933462 0.17315453455152613 0.5272359148460876 0.48509997301357494 0.5910785744057759 0.6889812779888445 0.860238624116006 0.9169208224119965 1.039003939456205 1.3049157486105734 1.6054657739953297
207 2070 -0.6531579758528727 -0.1916718800122329 0.162955308794921 0.49668899827857693 0.48509997301357494 0.5910785744057759 0.6889812779888445 0.860238624116006 0.9169208224119965 1.039003939456205 1.3049157486105734 1.6054657739953297
208 2080 -0.6609336343459417 -0.2143034197710572 0.17066096178396412 0.4737002181870324 0.48509997301357494 0.5910785744057759 0.6889812779888445 0.860238624116006 0.9169208224119965 1.039003939456205 1.3049157486105734 1.6054657739953297
209 2090 -0.6790656288712703 -0.20999595075550687 0.16987596142018208 0.47523807089676734 0.4709583394979964 0.5580506763288625 0.7211544632812033 0.7867210564453653 0.8872696271387076 1.014941638891584 1.3195885257189857 1.6640661362257425
210 2100 -0.6781117371059636 -0.23072326704195195 0.16640513081753305 0.506432254444465 0.4709583394979964 0.5580506763288625 0.7211544632812033 0.7867210564453653 0.8872696271387076 1.014941638891584 1.3195885257189857 1.6640661362257425
211 2110 -0.709774400334859 -0.24508383163791525 0.1770330171392698 0.4912907117635414 0.4709583394979964 0.5580506763288625 0.7211544632812033 0.7867210564453653 0.8872696271387076 1.014941638891584 1.3195885257189857 1.6640661362257425
212 2120 -0.7093583698474937 -0.2364546648249049 0.1459125648323717 0.49395011380302895 0.4709583394979964 0.5580506763288625 0.7211544632812033 0.7867210564453653 0.8872696271387076 1.014941638891584 1.3195885257189857 1.6640661362257425
213 2130 -0.6938624813213973 -0.24631734695995267 0.1683354577240298 0.5242940508949264 0.4709583394979964 0.5580506763288625 0.7211544632812033 0.7867210564453653 0.8872696271387076 1.014941638891584 1.3195885257189857 1.6640661362257425
214 2140 -0.6586381898570993 -0.2346188901758445 0.1629268158334636 0.5470080978828114 0.4709583394979964 0.5580506763288625 0.7211544632812033 0.7867210564453653 0.8872696271387076 1.014941638891584 1.3195885257189857 1.6640661362257425
215 2150 -0.6398614126520653 -0.26357696917230533 0.15092223469902305 0.5395004711801862 0.4709583394979964 0.5580506763288625 0.7211544632812033 0.7867210564453653 0.8872696271387076 1.014941638891584 1.3195885257189857 1.6640661362257425
216 2160 -0.6174641142391715 -0.2784481508080729 0.16468162465852437 0.5878437197078259 0.4709583394979964 0.5580506763288625 0.7211544632812033 0.7867210564453653 0.8872696271387076 1.014941638891584 1.3195885257189857 1.6640661362257425
217 2170 -0.6104674665483022 -0.28309756477743786 0.16541422048154622 0.5883540338065093 0.45438028276245856 0.5542070339193793 0.7263776048769255 0.8034550259907254 0.8746376334342133 0.9741813057298572 1.2676797828274393 1.7297966587122726
218 2180 -0.6184331873780775 -0.27435009634763086 0.12162061780132703 0.5906513019353686 0.45438028276245856 0.5542070339193793 0.7263776048769255 0.8034550259907254 0.8746376334342133 0.9741813057298572 1.2676797828274393 1.7297966587122726
219 2190 -0.5885723568032089 -0.30242481326900217 0.15847303937131224 0.6060785090544722 0.45438028276245856 0.5542070339193793 0.7263776048769255 0.8034550259907254 0.8746376334342133 0.9741813057298572 1.2676797828274393 1.7297966587122726
220 2200 -0.584739137817267 -0.3367351889680882 0.1756141316325883 0.6087769712276433 0.45438028276245856 0.5542070339193793 0.7263776048769255 0.8034550259907254 0.8746376334342133 0.9741813057298572 1.2676797828274393 1.7297966587122726
221 2210 -0.5992642401624984 -0.3373552510459461 0.18962876452556238 0.5940682053264882 0.45438028276245856 0.5542070339193793 0.7263776048769255 0.8034550259907254 0.8746376334342133 0.9741813057298572 1.2676797828274393 1.7297966587122726
222 2220 -0.6161755430738558 -0.356411408626768 0.2159911097982492 0.5960477020623959 0.45438028276245856 0.5542070339193793 0.7263776048769255 0.8034550259907254 0.8746376334342133 0.9741813057298572 1.2676797828274393 1.7297966587122726
223 2230 -0.6208650500095461 -0.36109109280755175 0.21592257523204103 0.579164439783731 0.45438028276245856 0.5542070339193793 0.7263776048769255 0.8034550259907254 0.8746376334342133 0.9741813057298572 1.2676797828274393 1.7297966587122726
224 2240 -0.6171370988247862 -0.3643463310726942 0.23830673413603723 0.5549221438049017 0.45438028276245856 0.5542070339193793 0.7263776048769255 0.8034550259907254 0.8746376334342133 0.9741813057298572 1.2676797828274393 1.7297966587122726
225 2250 -0.608724014125899 -0.3440969577576349 0.21414013261486586 0.5474753054039496 0.4449426775366711 0.5615004436867191 0.7069688868192321 0.7963470209155641 0.8476615849260838 0.9984347213989527 1.2586264141014614 1.7473486129179514
226 2260 -0.6053835799938447 -0.3516897235940854 0.20033141054281522 0.5146611115880692 0.4449426775366711 0.5615004436867191 0.7069688868192321 0.7963470209155641 0.8476615849260838 0.9984347213989527 1.2586264141014614 1.7473486129179514
227 2270 -0.5805403743715025 -0.34885969451996496 0.20939501155052104 0.49204785691099734 0.4449426775366711 0.5615004436867191 0.7069688868192321 0.7963470209155641 0.8476615849260838 0.9984347213989527 1.2586264141014614 1.7473486129179514
228 2280 -0.5335900885943108 -0.31492497651975826 0.17422958629251695 0.512406173774158 0.4449426775366711 0.5615004436867191 0.7069688868192321 0.7963470209155641 0.8476615849260838 0.9984347213989527 1.2586264141014614 1.7473486129179514
229 2290 -0.5424813072333432 -0.30929573134599364 0.16931711281325612 0.5151313486866811 0.4449426775366711 0.5615004436867191 0.7069688868192321 0.7963470209155641 0.8476615849260838 0.9984347213989527 1.2586264141014614 1.7473486129179514
230 2300 -0.5629901393169285 -0.3321948512819104 0.21555848754450924 0.5061019079353277 0.4449426775366711 0.5615004436867191 0.7069688868192321 0.7963470209155641 0.8476615849260838 0.9984347213989527 1.2586264141014614 1.7473486129179514
231 2310 -0.5633269494675052 -0.32623349170829785 0.2078715696744948 0.508999520736137 0.4449426775366711 0.5615004436867191 0.7069688868192321 0.7963470209155641 0.8476615849260838 0.9984347213989527 1.2586264141014614 1.7473486129179514
232 2320 -0.5466607554829321 -0.35421999855867325 0.20355264883504345 0.5231497086987524 0.4449426775366711 0.5615004436867191 0.7069688868192321 0.7963470209155641 0.8476615849260838 0.9984347213989527 1.2586264141014614 1.7473486129179514
233 2330 -0.5151075030301469 -0.30967110160726996 0.1685983426614785 0.47228057449555166 0.4708891908216525 0.6170985432658435 0.7802221331525856 0.8256170069584041 0.879274354430115 1.0496132666067284 1.180077798707174 1.6851313681222193
234 2340 -0.528432761118098 -0.3251801026651809 0.17445338088194376 0.4804348056953981 0.4708891908216525 0.6170985432658435 0.7802221331525856 0.8256170069584041 0.879274354430115 1.0496132666067284 1.180077798707174 1.6851313681222193
235 2350 -0.5280871819489434 -0.3216151682797422 0.19076645959595745 0.4988449787114239 0.4708891908216525 0.6170985432658435 0.7802221331525856 0.8256170069584041 0.879274354430115 1.0496132666067284 1.180077798707174 1.6851313681222193
236 2360 -0.530482465181253 -0.2827524712709649 0.17516837961076445 0.5139728968398747 0.4708891908216525 0.6170985432658435 0.7802221331525856 0.8256170069584041 0.879274354430115 1.0496132666067284 1.180077798707174 1.6851313681222193
237 2370 -0.528231670071808 -0.27643811668193785 0.1274043191317598 0.505425719221899 0.4708891908216525 0.6170985432658435 0.7802221331525856 0.8256170069584041 0.879274354430115 1.0496132666067284 1.180077798707174 1.6851313681222193
238 2380 -0.5358019774516767 -0.2791521251534022 0.11749275733703465 0.5147107753600315 0.4708891908216525 0.6170985432658435 0.7802221331525856 0.8256170069584041 0.879274354430115 1.0496132666067284 1.180077798707174 1.6851313681222193
239 2390 -0.5237386421951429 -0.27295065685001274 0.10412987500499529 0.5276677371035239 0.4708891908216525 0.6170985432658435 0.7802221331525856 0.8256170069584041 0.879274354430115 1.0496132666067284 1.180077798707174 1.6851313681222193
240 2400 -0.48979548522916583 -0.24874224331996225 0.09613795451053124 0.5074427847994246 0.4708891908216525 0.6170985432658435 0.7802221331525856 0.8256170069584041 0.879274354430115 1.0496132666067284 1.180077798707174 1.6851313681222193
241 2410 -0.4962110626801539 -0.2655667958572896 0.11019548018447345 0.4591919538438965 0.5018442885255358 0.5892371108357009 0.7442840462830628 0.8047960408707431 0.9585131795037216 1.1223875582586986 1.2225114186306079 1.5894215971343495
242 2420 -0.5299708306368851 -0.24918947429179644 0.10300156753183311 0.45227442164267084 0.5018442885255358 0.5892371108357009 0.7442840462830628 0.8047960408707431 0.9585131795037216 1.1223875582586986 1.2225114186306079 1.5894215971343495
243 2430 -0.5339896648782082 -0.27635274769394863 0.10835557628789236 0.5141799983905007 0.5018442885255358 0.5892371108357009 0.7442840462830628 0.8047960408707431 0.9585131795037216 1.1223875582586986 1.2225114186306079 1.5894215971343495
244 2440 -0.5480402195752534 -0.28810399812174264 0.12480363502584724 0.5097622174527949 0.5018442885255358 0.5892371108357009 0.7442840462830628 0.8047960408707431 0.9585131795037216 1.1223875582586986 1.2225114186306079 1.5894215971343495
245 2450 -0.5590621627844945 -0.3090952855075239 0.08502000929865702 0.4830217163472112 0.5018442885255358 0.5892371108357009 0.7442840462830628 0.8047960408707431 0.9585131795037216 1.1223875582586986 1.2225114186306079 1.5894215971343495
246 2460 -0.5954525561910693 -0.28542342994600567 0.09314975061817482 0.4440731911319885 0.5018442885255358 0.5892371108357009 0.7442840462830628 0.8047960408707431 0.9585131795037216 1.1223875582586986 1.2225114186306079 1.5894215971343495
247 2470 -0.5773363293739733 -0.3329793029449062 0.11003276343305227 0.4472027787707088 0.5018442885255358 0.5892371108357009 0.7442840462830628 0.8047960408707431 0.9585131795037216 1.1223875582586986 1.2225114186306079 1.5894215971343495
248 2480 -0.593068336474421 -0.3401841282110061 0.12238248464092001 0.4371635926130519 0.5018442885255358 0.5892371108357009 0.7442840462830628 0.8047960408707431 0.9585131795037216 1.1223875582586986 1.2225114186306079 1.5894215971343495
249 2490 -0.5926553306114627 -0.3133287413335736 0.10054018918627411 0.42978367775472814 0.4902291123914664 0.5989369526299182 0.755502612828584 0.8424722272815078 0.9787890008916903 1.0629743244852057 1.1351702889205781 1.656457782370991
