% # columns="iteration, evaluation, sigma, max axis length,  min axis length, all principle axes lengths  (sorted square roots of eigenvalues of C)", seed=687475, Wed Nov 10 11:22:12 2021
1 10 0.4076269071206498 1.0000437509570452 1.0 1.0 1.0000062500195313 1.0000125000781253 1.0000187501757822 1.0000250003125026 1.0000312504882864 1.0000375007031337 1.0000437509570452
2 20 0.38933713035873996 1.0165361012097163 0.8771352419294051 0.8771352419294051 0.9424088699344415 0.9807816209256968 0.9883078210088471 0.998477429812933 1.0025657519791087 1.0047593056322897 1.0165361012097163
3 30 0.42679217194600666 1.0937090082819012 0.8542850917302783 0.8542850917302783 0.8856005601885267 0.9420446496021534 0.9719591860600377 0.9875665546100753 1.0037376917138399 1.023068883881417 1.0937090082819012
4 40 0.4391982874439534 1.2700355809102348 0.7787824181413086 0.7787824181413086 0.8470631714000066 0.9356951935341379 0.9718791257469355 0.9890348722083994 1.0050590401260808 1.0130318844915316 1.2700355809102348
5 50 0.4235219571851786 1.3346365136140599 0.7445564713096957 0.7445564713096957 0.8123465754387861 0.8983048669554061 0.9629711054590206 0.9829445299759392 0.9970555957088497 1.0108410010984865 1.3346365136140599
6 60 0.38149807525960955 1.3454046864777982 0.7080715175191417 0.7080715175191417 0.7603813814159676 0.8994086055674336 0.9542906707161884 0.9786430196240562 0.994503971468297 1.0067797418807796 1.3454046864777982
7 70 0.3378805209597285 1.324777356835893 0.6644249680686573 0.6644249680686573 0.7307423113504471 0.8844828441801593 0.9244530971855751 0.958809471707608 0.9857764079103659 1.0287063581133649 1.324777356835893
8 80 0.3210353937312465 1.2654410462397239 0.6339258296546808 0.6339258296546808 0.720281264532785 0.8967757229488372 0.921321839181977 0.9477678301385657 0.9591213411316153 1.0162825589601645 1.2654410462397239
9 90 0.299866672159226 1.231608249607127 0.6173531514434525 0.6173531514434525 0.6999467345876289 0.8769161476621488 0.9070564541750055 0.9559477128035836 0.9901947128547338 1.022237627126975 1.231608249607127
10 100 0.28054901713247127 1.2351650703217159 0.6115448379975235 0.6115448379975235 0.7128114942211887 0.7970428150053314 0.8900160099916975 0.942432389410426 1.0084626430483061 1.0445982486231984 1.2351650703217159
11 110 0.2857060243766252 1.235735480201231 0.6115645437054439 0.6115645437054439 0.7239548267252738 0.8062446126933471 0.8741654537054511 0.9101688638963131 0.9915377381037078 1.0302077862169658 1.235735480201231
12 120 0.3123782118982132 1.2104177844838948 0.575484658595241 0.575484658595241 0.7155610460298064 0.7978895330801075 0.8862401232045054 0.9224820764583347 0.9868708538042484 1.0979600105708884 1.2104177844838948
13 130 0.30592318032544347 1.2462689387161037 0.5667633747335598 0.5667633747335598 0.7081434512822858 0.7890704561326505 0.8869720844588803 0.9599085226510409 0.9693381633296851 1.1393789315228002 1.2462689387161037
14 140 0.3102195778874928 1.2679625532054386 0.530557275344407 0.530557275344407 0.6877454941512159 0.7856697199217916 0.8810761715275024 0.9531792645218617 0.9706615921389117 1.0976329417148523 1.2679625532054386
15 150 0.3035986135722517 1.3492506171396934 0.4902832654674496 0.4902832654674496 0.6807771626850059 0.7651993550863497 0.8918111666483133 0.9250965811633328 0.982038013919474 1.0915924947083464 1.3492506171396934
16 160 0.3027974795137418 1.3579364878564828 0.47936718151521734 0.47936718151521734 0.6669811594659978 0.7732389770928643 0.8483486090814063 0.9335095703502961 0.9971091998242368 1.099742344918187 1.3579364878564828
17 170 0.31496103760834737 1.3509916865054747 0.46011981809843344 0.46011981809843344 0.6679707085984401 0.7513904624526015 0.8454468129085494 0.9220409140086363 0.9902871838346156 1.136518539600545 1.3509916865054747
18 180 0.3066143729703 1.326949299870444 0.46417898130645324 0.46417898130645324 0.6287766995121068 0.7450414620748083 0.8617911460582818 0.9412590280125753 0.9773598046521442 1.1545486418592557 1.326949299870444
19 190 0.2874146250241387 1.3155965829312635 0.45343582900431223 0.45343582900431223 0.5819229741290941 0.7437221225452854 0.850479527794314 0.9451346332306336 0.9984680638254597 1.165733918695297 1.3155965829312635
20 200 0.2715817880866178 1.2901318580492858 0.43547311704050123 0.43547311704050123 0.5754063602687162 0.7400538367151793 0.8493742605631355 0.9343174049947135 1.0080577649172788 1.1542066946431213 1.2901318580492858
21 210 0.285012049086873 1.2720463302000196 0.43512103649903283 0.43512103649903283 0.5643730658297788 0.7417474773711045 0.8495786715085811 0.9287670070214611 0.9738131662677632 1.107024688669494 1.2720463302000196
22 220 0.2945984126788341 1.280009795537529 0.43757991609671987 0.43757991609671987 0.5553861504017846 0.7331910752528623 0.8582246468088487 0.9191867840890527 0.9526642236808723 1.092943328558212 1.280009795537529
23 230 0.28527725491620215 1.3719684201350806 0.416292311811477 0.416292311811477 0.533717732108742 0.7282039561793446 0.855162594560861 0.9039565556432803 0.9520275931221145 1.0609240289117048 1.3719684201350806
24 240 0.2540447852427918 1.4107438553950167 0.41238694055199365 0.41238694055199365 0.5202502327995254 0.7220335966314188 0.8622318459062361 0.914217070046105 0.9500845717337536 1.0635680224933657 1.4107438553950167
25 250 0.2312417145922155 1.3802543273484176 0.399722396005412 0.399722396005412 0.5280368331703554 0.7027405604387855 0.8624440793316343 0.9053350068687345 0.9570287216472169 1.0096039341161591 1.3802543273484176
26 260 0.2183763888355167 1.3903230986440092 0.3817199315906923 0.3817199315906923 0.5273158522102487 0.6947801251574167 0.8565393069794575 0.8966302409849919 0.93608869000289 0.9826852863854539 1.3903230986440092
27 270 0.20656376265744836 1.3687540055348422 0.37822995352184285 0.37822995352184285 0.5099556328960361 0.6927460379952252 0.8564503638257664 0.8655570341149621 0.939532048291808 0.9711340372573454 1.3687540055348422
28 280 0.2075816235125115 1.3232572796884403 0.3724645075789389 0.3724645075789389 0.4978222223375578 0.6855344089469761 0.8388291911603228 0.8873133385129659 0.9226408705403192 0.9736289157639526 1.3232572796884403
29 290 0.19497340517232467 1.3367797884141717 0.3748409842805448 0.3748409842805448 0.4563744226105671 0.6829580202443295 0.7964331705788374 0.9035635467625657 0.9645206431470817 0.9826627299972817 1.3367797884141717
30 300 0.19686955733512124 1.3455987389073631 0.3535292518561206 0.3535292518561206 0.4537440813643565 0.6604757889407923 0.7688990777445585 0.8950004849821499 0.9612298381309763 0.979368132322798 1.3455987389073631
31 310 0.18770321051807423 1.2913343949680516 0.3381479410104904 0.3381479410104904 0.44737011102600577 0.6444184977719587 0.7986418794691709 0.9108732792431158 0.9567525960062236 0.9859323838644122 1.2913343949680516
32 320 0.17102838183489408 1.3596098430530332 0.3377147543363015 0.3377147543363015 0.4425063594470543 0.6267643527618706 0.7730628960231463 0.8738531898574563 0.9445445130699116 0.9881331996728648 1.3596098430530332
33 330 0.16048325962698892 1.2975801958262811 0.3264655963550736 0.3264655963550736 0.4284599697337554 0.5946248077162721 0.8177966711007976 0.865283210867512 0.9528434175564585 1.0017234427222164 1.2975801958262811
34 340 0.16016899864555995 1.295401352909098 0.3189693118931084 0.3189693118931084 0.40252915932231365 0.5859857977563279 0.8055901434134549 0.845985282672618 0.9338800042551769 1.0181732258495082 1.295401352909098
35 350 0.16201797465652265 1.303245927106571 0.3034676988585478 0.3034676988585478 0.3876194708316741 0.5937727819620792 0.8234732382767206 0.8515938180431692 0.9160600682443021 1.030432735415463 1.303245927106571
36 360 0.154055601098754 1.305902486607861 0.2958111885070638 0.2958111885070638 0.3800345198118729 0.5954656537574797 0.8263737724184675 0.8375896277076256 0.8871451717844927 1.0304769483423653 1.305902486607861
37 370 0.14585377085905635 1.3748093091741076 0.2708798443474114 0.2708798443474114 0.3600468361710226 0.6067728813536721 0.8127592935410425 0.8360695639372826 0.8702163216389682 1.0397884583970531 1.3748093091741076
38 380 0.14733192053817593 1.396469249019142 0.26732825968170637 0.26732825968170637 0.36052582551152557 0.6066308771501295 0.7669542906703045 0.8341456551064841 0.8483104016357338 1.0145831232987683 1.396469249019142
39 390 0.13892546623764432 1.3891911265208945 0.26859098565872763 0.26859098565872763 0.354280860561092 0.5878912336852119 0.7344971579676727 0.8385787960180148 0.850990167579067 1.0481335756144996 1.3891911265208945
40 400 0.13349307652047193 1.3450496069049946 0.26405236175414704 0.26405236175414704 0.3533967520531058 0.5779770215875685 0.7295992816783725 0.8298040238276522 0.8977664172333943 1.046376109205913 1.3450496069049946
41 410 0.12977567193046993 1.4245955254813512 0.2507371582724504 0.2507371582724504 0.3390659112948082 0.5699602573549635 0.7361128401243769 0.830407633290732 0.8808701576067973 1.0293520949098665 1.4245955254813512
42 420 0.13416667670233445 1.4878231654683343 0.2348089092627466 0.2348089092627466 0.3334033838282103 0.5557883916734693 0.7341153346104735 0.8173428039119869 0.8688774729410362 1.0398937440762752 1.4878231654683343
43 430 0.15456210159436706 1.472973876785948 0.22868528590374193 0.22868528590374193 0.32571939610560385 0.5573522733867958 0.6988722629099305 0.8313309954687164 0.9135584423482191 1.0845462339172638 1.472973876785948
44 440 0.15832118707179682 1.5916022232454983 0.2203107692611037 0.2203107692611037 0.31579367592565494 0.5345216001901621 0.6861935962708655 0.8284896961429047 0.9059498831192061 1.19308751785145 1.5916022232454983
45 450 0.15887338181551397 1.62470865428505 0.2153845853984318 0.2153845853984318 0.3080095762651157 0.5206075327654133 0.6888070112787568 0.8048278560648595 0.915075228013589 1.150734525756373 1.62470865428505
46 460 0.1659574569297739 1.6591942890393099 0.21078549351255574 0.21078549351255574 0.30460402997383756 0.5096778291968918 0.7033384107307784 0.7760873620230851 0.8985157363312409 1.1088795528651245 1.6591942890393099
47 470 0.1662578069932477 1.679183496297103 0.1883718470416588 0.1883718470416588 0.3101803646388491 0.5288407551061306 0.6939387462974078 0.7642047569704263 0.8914980793150706 1.18008569420211 1.679183496297103
48 480 0.1601816798073352 1.6540233786724186 0.18721897687397582 0.18721897687397582 0.2971955258922072 0.5224340332532035 0.7006251383012128 0.7491698696255915 0.8888115587225776 1.1846691594703287 1.6540233786724186
49 490 0.18139950249608197 1.6841441312017909 0.1753575518002125 0.1753575518002125 0.2850735738480627 0.5083076793172725 0.7141796947467494 0.7441135618825794 0.8922543862242676 1.2318403647845457 1.6841441312017909
50 500 0.18966985683281215 1.7307349842902557 0.1648561871457737 0.1648561871457737 0.28404792684475844 0.5159458732018896 0.7043266530731966 0.7499658776263897 0.88105062895186 1.3029489662588944 1.7307349842902557
51 510 0.20824974952046907 1.7460568960137652 0.16287906919409784 0.16287906919409784 0.2764350549938872 0.48984302298027166 0.6837967655821637 0.7451503896854733 0.8889742189049764 1.3681042490350552 1.7460568960137652
52 520 0.23470732714159834 1.7716788114661715 0.1638872509788169 0.1638872509788169 0.2616010766031619 0.4891428542251229 0.7061619802156726 0.7313495569944755 0.9202900988591307 1.3533859987120649 1.7716788114661715
53 530 0.2440242728902128 1.8754460823106525 0.16237495056214873 0.16237495056214873 0.2535620178294023 0.5059432157763583 0.6966014352818439 0.7111157034768432 0.9547351511838506 1.332405587179172 1.8754460823106525
54 540 0.2544695464200125 1.9859502579955777 0.15821867145218022 0.15821867145218022 0.2347311536896589 0.5176183752667975 0.6784929575331206 0.7385957244291473 0.9258658488759226 1.324181508115855 1.9859502579955777
55 550 0.2709095356350825 2.10391718412556 0.15182181449191548 0.15182181449191548 0.2274609879726232 0.5109390054460509 0.6659018374035874 0.6957803597046374 0.9388236430314002 1.341614275106161 2.10391718412556
56 560 0.3058698008369768 2.3185548666864104 0.1467598547676402 0.1467598547676402 0.2146381556072976 0.5013641663839389 0.6623785938374575 0.6803977531396255 0.9419143310165787 1.3236746615791393 2.3185548666864104
57 570 0.3555321086367097 2.507851769768345 0.13722707925374228 0.13722707925374228 0.20979122051701748 0.49901538181994803 0.6416500795232565 0.6809611113213666 0.9946656224797519 1.327283070612337 2.507851769768345
58 580 0.44210980638605096 2.6745096833932567 0.13574382269943888 0.13574382269943888 0.20676932661336828 0.491304163433986 0.6457195515359949 0.6679296386207965 1.0395380560285032 1.3219914347909272 2.6745096833932567
59 590 0.4893983462910278 2.8166270427916555 0.13598726311697604 0.13598726311697604 0.20013369246220847 0.47416719954850617 0.6540883484621471 0.6659023388071817 1.0851089668051819 1.2995978933815195 2.8166270427916555
60 600 0.5509693902376889 2.846872329519728 0.13109041895847923 0.13109041895847923 0.1900063735293051 0.47191866036247954 0.6257740575957078 0.6634228183475493 1.0869272640443695 1.3112433402090422 2.846872329519728
61 610 0.6358186638396358 3.0546860317210376 0.13238992923807397 0.13238992923807397 0.1838600113743288 0.45627444518689186 0.5836750006856383 0.6792116210671644 1.0724435359111466 1.3093422276666198 3.0546860317210376
62 620 0.6755736211724983 3.289584197599312 0.12980405374154516 0.12980405374154516 0.1798839489939878 0.4511039211367209 0.5692963495012558 0.6749481773664199 1.0814643659932879 1.2581208041270453 3.289584197599312
63 630 0.6869551258170369 3.297589217812784 0.1244514858605817 0.1244514858605817 0.1780750469183647 0.451343807452417 0.5466883082075007 0.6884745833134631 1.0948541707549653 1.2673966005480326 3.297589217812784
64 640 0.6853097544566973 3.4959837968390426 0.12349910984971485 0.12349910984971485 0.17365157393133346 0.44696971357959586 0.5435095395252801 0.6765400507209761 1.0608744146322762 1.2607805006690287 3.4959837968390426
65 650 0.7487431361365103 3.594232332481476 0.11558630265077649 0.11558630265077649 0.1792342571449266 0.4188237212262844 0.5409911619384553 0.6722483644716492 1.0635711513508275 1.3082000086604946 3.594232332481476
66 660 0.7825364345049285 3.6965632237266175 0.11706528307681888 0.11706528307681888 0.17456939181294795 0.4141185197021264 0.5398037504388548 0.6542382661456548 1.0552515406210976 1.343545102015585 3.6965632237266175
67 670 0.842135789426131 3.7846736321373475 0.10948939682977231 0.10948939682977231 0.17383535242272036 0.4098843419797165 0.5319955766941603 0.6626030554820476 1.0532270921554654 1.32030824303272 3.7846736321373475
68 680 0.7916194622261956 4.001440434897811 0.10994992144801882 0.10994992144801882 0.1677598952893448 0.40757289981007466 0.5131012606124349 0.6619879557930499 1.0762214227080673 1.3452989388777556 4.001440434897811
69 690 0.7791935890697633 3.910982003342033 0.1092955960517708 0.1092955960517708 0.1688014122958057 0.4025896281118482 0.49431159854384366 0.6363482707315837 1.069092021422432 1.3234806564007322 3.910982003342033
70 700 0.7351388933420454 3.892074276830924 0.10711705137608242 0.10711705137608242 0.15664816694947475 0.40257322531397893 0.48677404028107035 0.65061750364116 1.0830791485701499 1.3172370867792387 3.892074276830924
71 710 0.7398600049338045 3.8034416574134093 0.10803336395363261 0.10803336395363261 0.15248376429361668 0.39158069760987396 0.4864393460159542 0.6484765197562994 1.0632431966294316 1.3393406881231782 3.8034416574134093
72 720 0.747229530014619 3.75373182902895 0.10535528359570209 0.10535528359570209 0.1521592807132706 0.37840784455158083 0.483913139559575 0.6324014982424783 1.0519154703508342 1.3996147687051914 3.75373182902895
73 730 0.7627457797270337 3.637648076404519 0.10430247943657532 0.10430247943657532 0.15592226584325358 0.37538136442934367 0.4941555650068308 0.6355011156733421 1.0551224951428948 1.347696373312269 3.637648076404519
74 740 0.7538986089655884 3.5729781032706374 0.10628778563834937 0.10628778563834937 0.15710549187347786 0.3685995447298858 0.49810045701712863 0.634241179342231 0.9823892757648761 1.421485803089651 3.5729781032706374
75 750 0.7954634195466166 3.6025932747433718 0.10082226945886741 0.10082226945886741 0.151604475606026 0.37303022329665536 0.4977596562903274 0.6079030716695829 1.0018595878239527 1.4725675493658916 3.6025932747433718
76 760 0.773926188813577 3.516791039525004 0.10188061265391303 0.10188061265391303 0.14994526928620913 0.3631050015583624 0.5021483939107569 0.5924124941511579 0.9924626277593005 1.5190423371071526 3.516791039525004
77 770 0.7108931872918633 3.434240162556691 0.10159001060469151 0.10159001060469151 0.14575154802930673 0.360010293961694 0.505322339423516 0.5826604352199957 0.9915771813429821 1.4888493252189217 3.434240162556691
78 780 0.6291050100408657 3.326005978699026 0.09712138166648593 0.09712138166648593 0.14825994108853213 0.3523562984409444 0.5127119291565753 0.5923453665237228 0.9618478455546223 1.466755507461315 3.326005978699026
79 790 0.5647996457070431 3.2444788539892593 0.09593505237857891 0.09593505237857891 0.14855401837592838 0.3539306053181687 0.5052960221325363 0.5926950886010679 0.9143266566750501 1.4179514294535982 3.2444788539892593
80 800 0.5137009706667636 3.2129171836470394 0.09288867113482227 0.09288867113482227 0.14631282312644986 0.3427061207112238 0.5002455120585092 0.5770888586076727 0.9535307699336812 1.378067328961247 3.2129171836470394
81 810 0.5006923729468827 3.183711562224215 0.09088115888993445 0.09088115888993445 0.1407019946270522 0.33504852967644383 0.49413335985739393 0.5679765239755892 0.9690326084549312 1.361821295850649 3.183711562224215
82 820 0.47976616371545755 3.2227721061857055 0.08243812723152709 0.08243812723152709 0.1439700569430084 0.3329574695602507 0.4922683876204231 0.5577196016204475 0.9807482005046098 1.3919922246086713 3.2227721061857055
83 830 0.4824491374689429 3.2733215018703836 0.079253132908626 0.079253132908626 0.13772684735145468 0.3374044226348272 0.49072394074255016 0.5675537777277447 0.9655929010705541 1.38237743508818 3.2733215018703836
84 840 0.5587093200362657 3.371252878792201 0.07740233640706229 0.07740233640706229 0.1332336515376991 0.33093855764287294 0.4861481368368519 0.5603253163841295 1.0033338390182152 1.3803402785245236 3.371252878792201
85 850 0.6458244585322973 3.470422924741495 0.0747183812129084 0.0747183812129084 0.13014908813892734 0.3403141216318739 0.4914420590563149 0.5583343772212853 1.034242132929151 1.3707310616528243 3.470422924741495
86 860 0.6853863445957943 3.5860839419081363 0.07195323145433286 0.07195323145433286 0.12769053230009816 0.34202266566403744 0.49541621289669474 0.5486685150252595 1.0678642705039625 1.351407714338251 3.5860839419081363
87 870 0.6684544078100132 3.5848059316799192 0.06793669579370835 0.06793669579370835 0.1224441079145854 0.3435809769805407 0.47855576215191703 0.6048544617501845 1.0922610539136008 1.3548378850400578 3.5848059316799192
88 880 0.6777887170652266 3.457291734613192 0.06734089989506326 0.06734089989506326 0.11782463692960171 0.341572747475272 0.4637248290773432 0.6157134502043139 1.0936061030818955 1.3504598357815638 3.457291734613192
89 890 0.6416685834250323 3.4767526631804526 0.0655622160223651 0.0655622160223651 0.11711600599328202 0.34106742597763323 0.49677143364651116 0.601926053870512 1.022637170012085 1.3330103030579874 3.4767526631804526
90 900 0.6413125283008505 3.372042693269088 0.06567667236219361 0.06567667236219361 0.11565983115331173 0.3246115289929827 0.4934715725193262 0.6007201997359958 1.0071270464895155 1.3040114037177464 3.372042693269088
91 910 0.6272497032267569 3.4074541644886707 0.06490027962230234 0.06490027962230234 0.11078282550025344 0.33619084869933374 0.47884106784578345 0.6295526724673164 0.9657931364103303 1.2955059635155568 3.4074541644886707
92 920 0.5840632979381499 3.4931998008541525 0.06412095898254501 0.06412095898254501 0.10519731556403367 0.3294532264498454 0.4644663338120643 0.6385856289323251 0.9675360691259612 1.2687355887918905 3.4931998008541525
93 930 0.595381520993604 3.478900488732691 0.0631465789512556 0.0631465789512556 0.10126413771633547 0.30611171735829235 0.4671852202698997 0.644223220529277 0.966953109219825 1.2938512581958213 3.478900488732691
94 940 0.5869401478644497 3.518058439221266 0.06261530828335654 0.06261530828335654 0.09751932788008012 0.29680475099770176 0.46433891733274574 0.6372826974331863 0.9412256477269841 1.3598226387194179 3.518058439221266
95 950 0.5701293090994924 3.3617974750591433 0.061143772225281126 0.061143772225281126 0.1003023903939441 0.30890596880661614 0.4552754122366769 0.6105541109401695 0.9340748818296651 1.3491942339983158 3.3617974750591433
96 960 0.5461443613260885 3.352716699734757 0.05978107502982454 0.05978107502982454 0.09734326038867738 0.31438528028346463 0.44986193487275483 0.6107686141252862 0.9328752041947909 1.3123107520137134 3.352716699734757
97 970 0.548350137892472 3.3250788094704067 0.05947784317004877 0.05947784317004877 0.09500155159463639 0.3022684970483005 0.4655156161410406 0.6169340531711414 0.9226644494700078 1.3027178574008775 3.3250788094704067
98 980 0.5953954312992662 3.3682768341685407 0.058341342880193416 0.058341342880193416 0.0939490318889734 0.2938500472551486 0.48709357091206595 0.6100141930729285 0.8973266364080259 1.2561591528068565 3.3682768341685407
99 990 0.5602016848439438 3.3281291013531025 0.05807211893349529 0.05807211893349529 0.09250636687931484 0.2932604969004384 0.4833647308825663 0.6228246367678961 0.9030111777982823 1.312244838234836 3.3281291013531025
100 1000 0.5081024999275136 3.1639359791134574 0.05604879416835756 0.05604879416835756 0.09157147802396386 0.2915254332568869 0.48151099500364714 0.6256998038107915 0.9101299014750329 1.3111842050167095 3.1639359791134574
101 1010 0.4687827642158259 3.1615159502619905 0.05607153114728794 0.05607153114728794 0.0846236472760594 0.286216183211855 0.46997140871250653 0.632982968400421 0.9237287094914973 1.2721928456006988 3.1615159502619905
102 1020 0.4478864090877219 3.0520654102769713 0.05330295646870347 0.05330295646870347 0.08277298687613761 0.28153763766581086 0.47141324606606605 0.6260338806094518 0.9581044300098297 1.2176778644644048 3.0520654102769713
103 1030 0.4382079968117982 3.0565231987295203 0.05061929844614727 0.05061929844614727 0.07985309721542172 0.2776335726937858 0.4666133477930429 0.6301261079283265 0.9588372863025103 1.1903494559255643 3.0565231987295203
104 1040 0.4408805801680608 3.149887934040536 0.047033818727457245 0.047033818727457245 0.07839670082216017 0.264525553354873 0.4708580592632393 0.6305492928632321 0.991134031089474 1.1647919196148886 3.149887934040536
105 1050 0.42233761433207584 3.067295152138571 0.04516503019325489 0.04516503019325489 0.07695358717724465 0.26690523214098244 0.4718970981994107 0.6531000948375365 0.9475192137043552 1.2180085840182495 3.067295152138571
106 1060 0.3891952077285159 3.073625940220763 0.04617057848557887 0.04617057848557887 0.07558322621634742 0.25589627248978103 0.46188875705807514 0.6638270734254224 0.8974538219415236 1.2315408505174403 3.073625940220763
107 1070 0.41870546886064713 3.049534457772415 0.04502003592811117 0.04502003592811117 0.07108908173333366 0.2448256908469136 0.4872676121539836 0.6582172532724839 0.9009351482378821 1.2550684194984993 3.049534457772415
108 1080 0.4056834109662232 3.029775771654666 0.04329490261864614 0.04329490261864614 0.06911881151976801 0.23531541800292463 0.5226923038308248 0.6664324719528476 0.9000791680709702 1.3433033761380184 3.029775771654666
109 1090 0.39061240150760634 2.869329742209105 0.04263771793301172 0.04263771793301172 0.06566961228740412 0.22920026894738815 0.5306935712419002 0.6611146559239377 0.8696819131962552 1.3930699447440398 2.869329742209105
110 1100 0.37432439580262183 2.8813135989368797 0.041975383503845866 0.041975383503845866 0.06261922932778075 0.21933638017753754 0.5218772468306054 0.6625620939871047 0.8572468124452672 1.4081610140227245 2.8813135989368797
111 1110 0.3555986167381476 2.867166955493677 0.04030975689104233 0.04030975689104233 0.058057186539347126 0.21980116233525793 0.5222050558848328 0.6701530187124718 0.8855866618367284 1.3999444475232612 2.867166955493677
112 1120 0.3227652264872774 2.883506036905967 0.03969889520091054 0.03969889520091054 0.05715262053844084 0.2150874970312316 0.5118131205710983 0.651638767413424 0.8814174451712263 1.3912800301048893 2.883506036905967
113 1130 0.29603904956583177 2.823111086406418 0.03941113965547931 0.03941113965547931 0.05562006464493914 0.21461875982940623 0.5094417818391314 0.6162035100875235 0.8686358554223984 1.3612048270147876 2.823111086406418
114 1140 0.2930176993898991 2.651441285213181 0.03901573990753195 0.03901573990753195 0.055458887004632425 0.21871373092945295 0.5024670363193963 0.6132331742658359 0.8580934522450239 1.3307186753297773 2.651441285213181
115 1150 0.2935317100513848 2.677161056240199 0.03925519088330588 0.03925519088330588 0.05253804171296948 0.23522820922399018 0.48568816460187675 0.596252783261922 0.8389886031127914 1.3381323898797066 2.677161056240199
116 1160 0.2804430094061289 2.6540541159651143 0.03809333953919135 0.03809333953919135 0.05196537631120398 0.23143808114628153 0.47212838318095746 0.6156535992829741 0.8420076160562372 1.3160188134665447 2.6540541159651143
117 1170 0.301308167298942 2.6907991919504135 0.0365364615664921 0.0365364615664921 0.050901814636224674 0.23017804815890358 0.4509658822078412 0.6149075188170126 0.8434497016423501 1.293798807850207 2.6907991919504135
118 1180 0.3073044369517804 2.653597623737653 0.0381997173036815 0.0381997173036815 0.04971349528337811 0.23354051946986285 0.4477210535566254 0.6048071320567865 0.8251121690845644 1.3181218721598515 2.653597623737653
119 1190 0.28521463619431203 2.641949209621776 0.038481760595602 0.038481760595602 0.05140412381418751 0.2323807304566144 0.39864443124104404 0.6352657169390602 0.8190612794987856 1.3277171509908665 2.641949209621776
120 1200 0.27851132107804794 2.6032313287360727 0.0369770581100855 0.0369770581100855 0.050652833695239194 0.23318152536810138 0.372343056223425 0.636411597721895 0.8174508490998327 1.3353193447576666 2.6032313287360727
121 1210 0.29303455085818114 2.5660554889430336 0.03625378676234066 0.03625378676234066 0.04998214920568474 0.23046813816975195 0.357614510698266 0.61734661647784 0.8196082857313943 1.3726505593377092 2.5660554889430336
122 1220 0.31130524522090564 2.5496114767769185 0.03585974446762824 0.03585974446762824 0.04982772686878682 0.22678407886623253 0.33345511205790035 0.6109741317307191 0.816985037961882 1.5221863595600198 2.5496114767769185
123 1230 0.30951026441223267 2.5337448565560563 0.03561002037034609 0.03561002037034609 0.04906912384038381 0.22084403276146805 0.3225711128509711 0.6076977507461936 0.8020256153685557 1.5972042294822548 2.5337448565560563
124 1240 0.31221069898047416 2.534661042568572 0.03391483281850339 0.03391483281850339 0.0470927833463275 0.21764238764802019 0.316744310727856 0.6210855280424558 0.8147489969540637 1.5949649315688632 2.534661042568572
125 1250 0.2689107809031855 2.617813101529018 0.03417104771955042 0.03417104771955042 0.04647761547443535 0.20577862221143034 0.30606880391101254 0.621553346641568 0.815455747649157 1.56016939339841 2.617813101529018
126 1260 0.23702024037712777 2.5830969357620233 0.03237455023787484 0.03237455023787484 0.04494412422119596 0.20847453725644055 0.3006595203783281 0.6194520778202579 0.8013394056115296 1.542097300005074 2.5830969357620233
127 1270 0.2297462859385301 2.4837105814153224 0.03089927442569596 0.03089927442569596 0.044889820988913524 0.20640998066008037 0.29726576743236116 0.6255122768843854 0.7851205946567765 1.5521813646263367 2.4837105814153224
128 1280 0.20808275625955533 2.5058788905649556 0.03107022297865687 0.03107022297865687 0.04348456043288598 0.20124655135511285 0.28070266622605294 0.6278310070242181 0.788206202061144 1.5675587709276046 2.5058788905649556
129 1290 0.21781134059954485 2.4982768170090024 0.031646854741167706 0.031646854741167706 0.04393828717072189 0.19956546753483967 0.25347829959096685 0.6301040515959717 0.7803334644149226 1.5084473655964783 2.4982768170090024
130 1300 0.21328987075648564 2.497676415813312 0.03110913549904703 0.03110913549904703 0.04401597238651846 0.19735927045875765 0.2471294408181016 0.6492557166169567 0.7755463600386168 1.526802942897198 2.497676415813312
131 1310 0.20004731941310364 2.486940626513967 0.031247494266833743 0.031247494266833743 0.04188007690980184 0.2009150692514281 0.24072408595701014 0.6255504425161248 0.784520312649075 1.492197881750703 2.486940626513967
132 1320 0.19424881464697957 2.467525460502903 0.030887993524740413 0.030887993524740413 0.040731903409753405 0.20077777404774974 0.2266924977000986 0.6207718140724123 0.7888382159732428 1.4845500681767736 2.467525460502903
133 1330 0.2139924364631214 2.4297469397170492 0.031482559780749465 0.031482559780749465 0.03960677165339869 0.1958107346862507 0.22664237468227416 0.6273013241270575 0.745636500089413 1.4856969328513958 2.4297469397170492
134 1340 0.20681287051135744 2.4481009561351814 0.03142506216354248 0.03142506216354248 0.038287990251626665 0.19189284815948787 0.22332584547997472 0.6777569703666743 0.7400768673921335 1.474686067366566 2.4481009561351814
135 1350 0.21604548105925342 2.475235001786846 0.030896777741778413 0.030896777741778413 0.03855942246125804 0.18152655766613512 0.22107963743508235 0.6773545838834141 0.7233362514189708 1.4569255186468377 2.475235001786846
136 1360 0.23194376632997343 2.610798964070465 0.03148665862358331 0.03148665862358331 0.0379213044790624 0.17580284148800843 0.22269426833212802 0.6496117346300692 0.7470344961031088 1.4441143344117235 2.610798964070465
137 1370 0.24858989330949674 2.5806250613799135 0.03041193887671197 0.03041193887671197 0.03834556589357384 0.1800655482363297 0.21498273965676404 0.6801619464593435 0.7620630146428283 1.4124624968966983 2.5806250613799135
138 1380 0.24979131341761956 2.6389890226958737 0.029861318632792563 0.029861318632792563 0.037248310114814165 0.16795355917881735 0.21379785602911236 0.6682285637682384 0.8365433709376102 1.4340697856536508 2.6389890226958737
139 1390 0.2311204441062778 2.6494818582449495 0.029151473481438074 0.029151473481438074 0.036587632128592874 0.1675050857362631 0.20382859486430452 0.6594629200643467 0.8545506679598183 1.4547161299156481 2.6494818582449495
140 1400 0.24621195754753922 2.6345178992496607 0.027708607602126328 0.027708607602126328 0.03580702808152368 0.16506743506363958 0.1975221368377664 0.6749104652655373 0.8634270340094357 1.3936829950714344 2.6345178992496607
141 1410 0.2911141007427821 2.5263855776900765 0.028503676425561536 0.028503676425561536 0.03765120191621336 0.16104288833378083 0.19619983476786687 0.6710919328744948 0.8960490649053938 1.3287983337839961 2.5263855776900765
142 1420 0.36429152273871185 2.545439401216398 0.028078294051136782 0.028078294051136782 0.03728414089294917 0.15628569098145606 0.19602898441554528 0.6668953489710975 0.9138911451737257 1.3509802480502275 2.545439401216398
143 1430 0.4305281198410131 2.6217098393470275 0.027625490317611294 0.027625490317611294 0.03626587219562813 0.15947743635705783 0.1932612527724374 0.6486450811935728 0.9427802722224519 1.3267603764812161 2.6217098393470275
144 1440 0.44233386696237587 2.600861686781164 0.02712056251907107 0.02712056251907107 0.037163010457873756 0.15884712981936483 0.19215946838346734 0.623829806234391 0.9427877832606393 1.3143489834594693 2.600861686781164
145 1450 0.4511439574562808 2.5550505832872754 0.026402399809453195 0.026402399809453195 0.03688310495545996 0.1661441749594796 0.1946210133924458 0.6239402274350783 0.9113563478610068 1.3273065226490306 2.5550505832872754
146 1460 0.45529087554336545 2.537483180985202 0.026424921440000384 0.026424921440000384 0.035787792700532374 0.16452524639188912 0.1862113342534508 0.588963928387931 0.934448142878341 1.337871803201138 2.537483180985202
147 1470 0.49279344120286095 2.603135162321912 0.025594177458075424 0.025594177458075424 0.03537728422027789 0.160148055315696 0.17940629604306763 0.5953783147247231 0.9527115759548443 1.3020025766558838 2.603135162321912
148 1480 0.6035052183712857 2.5941408178900205 0.025352359194263045 0.025352359194263045 0.03444403658711942 0.1604801948024964 0.1709464446517826 0.5953978771782289 0.9847564038568409 1.3111098231653007 2.5941408178900205
149 1490 0.6116446138467596 2.639869175571012 0.02506248731510938 0.02506248731510938 0.0342353321319323 0.15250152171042383 0.16538273409032642 0.607308677880167 1.0411139836716208 1.3465818218957966 2.639869175571012
150 1500 0.6410003061311279 2.5590517164498903 0.02466473881724253 0.02466473881724253 0.03461376753916307 0.14470427426666121 0.16241483341789906 0.5946267340879877 1.0167230673055159 1.3443528584885607 2.5590517164498903
151 1510 0.6412575114925807 2.4958336598231523 0.024451442471930485 0.024451442471930485 0.03318074666817132 0.1417479901074531 0.16348646736349595 0.6048039252184317 1.0041901547119125 1.337259204237618 2.4958336598231523
152 1520 0.6600482842803125 2.4621834346473803 0.02417533864358134 0.02417533864358134 0.033162995391759896 0.1349744280772722 0.17052263338647033 0.5942649541542318 0.9976701671158308 1.2882780441052524 2.4621834346473803
153 1530 0.6748881524334774 2.375498277771623 0.024507703050578825 0.024507703050578825 0.03328538563689701 0.12409796978641087 0.17402470832295658 0.6012605174079599 1.0310034434370599 1.2824165606236901 2.375498277771623
154 1540 0.7410579333457713 2.444914676941933 0.024117661645380623 0.024117661645380623 0.03173134152526241 0.12163631654392605 0.1720504940088371 0.5912765800876933 1.0351515543351812 1.288352961541222 2.444914676941933
155 1550 0.6832937286284954 2.4996125754815344 0.024251014432579186 0.024251014432579186 0.0315155332029639 0.11567135086958995 0.16928578089964683 0.6133331010375891 1.0724920039276171 1.26366802675362 2.4996125754815344
156 1560 0.6617489661259269 2.4492133665237787 0.024351567268684007 0.024351567268684007 0.03084216428805674 0.11210992469422242 0.16492191112042195 0.6044756099677806 1.0636071942689345 1.2434664623748648 2.4492133665237787
157 1570 0.5999378356312053 2.5041959003890812 0.02309081136756718 0.02309081136756718 0.03149999104114495 0.10934083759436056 0.16425283865348933 0.6081800879436386 1.0239455630041692 1.2228100011346417 2.5041959003890812
158 1580 0.5622677836471247 2.596637607980558 0.022538760658118277 0.022538760658118277 0.030958265213748542 0.10256315653791509 0.16287376347259894 0.6101371402207652 0.9982998138967258 1.2323714114244184 2.596637607980558
159 1590 0.5299917531378133 2.5255623481621647 0.022079403699553773 0.022079403699553773 0.029800518631675425 0.09807919933871735 0.16460503463957624 0.60529205285239 1.0114759314045167 1.2407431053225693 2.5255623481621647
160 1600 0.5134034273660478 2.4826866764291413 0.021085748036766033 0.021085748036766033 0.030154415979925128 0.09682337081648565 0.15524572765828548 0.5916593170882692 1.0525318214519963 1.2367507659333183 2.4826866764291413
161 1610 0.46608707922119014 2.440964381263765 0.0208208060360384 0.0208208060360384 0.03031517117282979 0.09405343423060894 0.15609565392827504 0.5815152628078616 1.0254791877411957 1.2407973830928092 2.440964381263765
162 1620 0.4225630407137219 2.3261813256164388 0.02043350872723397 0.02043350872723397 0.029108036706883018 0.09551961203172607 0.15511016653329038 0.5885069970177789 1.036868895454422 1.2184364761466586 2.3261813256164388
163 1630 0.40060696921881617 2.3189094141778877 0.020237272612056326 0.020237272612056326 0.028201335402663986 0.09639899799293809 0.1495580137521822 0.5704025532436047 1.0307669512076223 1.1967021576359471 2.3189094141778877
164 1640 0.41850616631362336 2.363443347496666 0.01986115677619729 0.01986115677619729 0.02706975083411177 0.0932010607657522 0.15007999859770574 0.5611437285087926 1.051064814693119 1.1900225424724569 2.363443347496666
165 1650 0.4176804443388562 2.3536886455455885 0.019861440937032373 0.019861440937032373 0.02704993563106708 0.09200517517513754 0.15832360755766064 0.5368981539668148 1.0315480114807791 1.1996757611662652 2.3536886455455885
166 1660 0.4329978894772757 2.210734408520836 0.019507093399436664 0.019507093399436664 0.026317654857403824 0.08951426305407857 0.1590116579059127 0.5460787530825867 1.0642623114095595 1.2053741645802514 2.210734408520836
167 1670 0.387135054706784 2.234148144122696 0.019575100528042313 0.019575100528042313 0.0261963758466645 0.0879375782477103 0.15378655055495355 0.5465127505051928 1.0595080795488407 1.1798297029756317 2.234148144122696
168 1680 0.33185388905808116 2.2582164454557065 0.019493678548183527 0.019493678548183527 0.026539594481061007 0.0847686396705281 0.1481256660260406 0.5697308605665901 1.0209535996880679 1.160714759958696 2.2582164454557065
169 1690 0.2815030301909902 2.1888166517480867 0.018614446429291474 0.018614446429291474 0.027352700312633066 0.07938146662742024 0.14688164453494992 0.556782307098689 1.0072180669268473 1.1378380658778444 2.1888166517480867
170 1700 0.25625411804990195 2.1427790322136824 0.018025112814834238 0.018025112814834238 0.02599602295297733 0.07681329273777696 0.1476531624420561 0.5556633763234015 0.9937895538863297 1.1198747661398114 2.1427790322136824
171 1710 0.23832690813724833 2.0100901310914083 0.017695045899146913 0.017695045899146913 0.026540969283250768 0.07551403616776584 0.14068052561154232 0.5401365488626466 1.0047569274083794 1.110047972110034 2.0100901310914083
172 1720 0.2118489685749876 1.9759711352644937 0.01724671448000019 0.01724671448000019 0.026674850383035013 0.0740942576401221 0.1404499727151499 0.5336551321658999 0.9625428736133403 1.0898703722306766 1.9759711352644937
173 1730 0.18786628191631846 1.9924207597563495 0.016336856896546834 0.016336856896546834 0.02594259543491891 0.07323577181789492 0.1393378443439468 0.5329030371513104 0.9683603742054362 1.0393857278902165 1.9924207597563495
174 1740 0.18236924849671923 1.9931046102283905 0.015746537539108197 0.015746537539108197 0.025056862485136038 0.07302775712350948 0.1406380586092477 0.5244608276565889 0.9061469816707738 1.0469268334490394 1.9931046102283905
175 1750 0.15945643775688217 1.982029773301384 0.015834708793880034 0.015834708793880034 0.024615766775154483 0.07159613952134067 0.14237944470144268 0.5143261048698438 0.9044400341663528 1.0068888786202157 1.982029773301384
176 1760 0.1536947805149849 1.9316231615020683 0.015236069366276259 0.015236069366276259 0.02460266009028617 0.06789412327893608 0.14202011211056279 0.5193704424882662 0.8772033565492455 1.005846636395838 1.9316231615020683
177 1770 0.15022159892032275 1.9463492625986494 0.015237438788918973 0.015237438788918973 0.024689131241762027 0.0625681378183673 0.14165912985938464 0.5188225971565844 0.8673864883852557 0.9869116966528794 1.9463492625986494
178 1780 0.14364548309176114 1.9203836954793452 0.01565361112386329 0.01565361112386329 0.023673639202563376 0.060236151075605995 0.13983911004365912 0.5412607299172142 0.8684293779363963 0.9762396770908609 1.9203836954793452
179 1790 0.13048222123104702 1.8572725013590132 0.015427668277953497 0.015427668277953497 0.023567187809359357 0.0576112278687738 0.14230069688490815 0.5202259815380765 0.8655169071030503 1.0008446505470172 1.8572725013590132
180 1800 0.11804792269324588 1.827557172023457 0.015206382397839798 0.015206382397839798 0.022732788684566886 0.057394030627229656 0.13822040936658786 0.5255145858914019 0.8478464132395953 0.9821932213896182 1.827557172023457
181 1810 0.11232531101142788 1.8196132377935028 0.015029079491405271 0.015029079491405271 0.022542262642289815 0.05687120807172647 0.14032985321519398 0.5038168179891008 0.8347159714479433 0.919939057983867 1.8196132377935028
182 1820 0.10288355898007456 1.776071282951255 0.015034840382813192 0.015034840382813192 0.02274140086188991 0.057683589005563786 0.1375073502785043 0.4928660742453807 0.7950964437094792 0.9027410462160361 1.776071282951255
183 1830 0.09194281751229638 1.7619093089800884 0.01450704042998522 0.01450704042998522 0.022222460865353177 0.05720547096212783 0.13405473809250354 0.485542390140148 0.7713832018855269 0.9018135150099764 1.7619093089800884
184 1840 0.08331030675658946 1.7327477848256128 0.014405472500371174 0.014405472500371174 0.021295247393701127 0.05593417544512403 0.13189926802282848 0.4827417290591373 0.7567624724445696 0.8896916539384829 1.7327477848256128
185 1850 0.07509858844509429 1.7131326866775898 0.014558685529324928 0.014558685529324928 0.021721871234945653 0.05514465629196457 0.12966746841550678 0.4753411220643117 0.7334423712267004 0.8676155019984335 1.7131326866775898
186 1860 0.07324223564760252 1.7067774286992323 0.014431583382888831 0.014431583382888831 0.020774513331751815 0.055794003357574506 0.12944269256812915 0.46727879466949346 0.712422317704916 0.8249506570647142 1.7067774286992323
187 1870 0.06572497162263848 1.6506376539471663 0.01373017407459142 0.01373017407459142 0.021248836603449655 0.05670911760683371 0.13087293682085807 0.45655060711696893 0.6915156753694722 0.8177827815947344 1.6506376539471663
188 1880 0.060003915902076745 1.5986801876334684 0.013330537995051822 0.013330537995051822 0.02072497620547653 0.05455102922266772 0.13004338580488028 0.44673355774718954 0.6871555896674714 0.8191021838236603 1.5986801876334684
189 1890 0.05586864911588251 1.5946104985114637 0.012911872916414838 0.012911872916414838 0.02017712517781318 0.05448621644150832 0.12861337230933342 0.4307700990707652 0.6985554429521862 0.8055074918429412 1.5946104985114637
190 1900 0.04845430529924191 1.5647044135234365 0.012836442064330395 0.012836442064330395 0.01967789835686151 0.05237386830777928 0.11844015632354357 0.43056215210876786 0.7040432369116988 0.8116378163673724 1.5647044135234365
191 1910 0.0445852699347081 1.5158815730039783 0.012435353780138282 0.012435353780138282 0.019157532304498053 0.051964561439676545 0.11439173980475884 0.42559929943817754 0.7000751386331003 0.7979572880550501 1.5158815730039783
192 1920 0.03933537338004897 1.4556049432707918 0.012276360877681008 0.012276360877681008 0.019074683151706403 0.05150526767041524 0.11000191968494429 0.4191252431988848 0.6974891080601832 0.8039636541971298 1.4556049432707918
193 1930 0.034009964871954644 1.4218086475631306 0.012251781107569987 0.012251781107569987 0.018981167646075454 0.0516877457339643 0.10683628802839265 0.416177311589871 0.6713741353892776 0.7989574186794327 1.4218086475631306
194 1940 0.030368033126897055 1.41606040268489 0.012287639760495971 0.012287639760495971 0.019111327975724575 0.049763815617915194 0.09905219964406936 0.4171398651029184 0.6349120401248602 0.7913604034241716 1.41606040268489
195 1950 0.029873293024285125 1.3738761287246 0.012625142746691059 0.012625142746691059 0.019495792260153876 0.045008561164385265 0.09722005287734786 0.41541498597011906 0.6374265368754878 0.7731722429719711 1.3738761287246
196 1960 0.02799132367277147 1.3773761018766424 0.012273564726144211 0.012273564726144211 0.018887375125771065 0.044190055126342706 0.09691941559453957 0.4085679240007216 0.6462673235999238 0.7851490091451426 1.3773761018766424
197 1970 0.026230552503318474 1.3727202034105968 0.012224344196093409 0.012224344196093409 0.018039653946699173 0.042736046805824025 0.09718141489469309 0.400754439462116 0.6205660588173534 0.7821875043081483 1.3727202034105968
198 1980 0.024035315755560945 1.4046834945928082 0.012016141131654966 0.012016141131654966 0.01770327678092407 0.04225270675342195 0.09420579882637253 0.4011061953672802 0.6059076159811109 0.7880026750349806 1.4046834945928082
199 1990 0.023284491316338914 1.3701658756223805 0.011697963373235944 0.011697963373235944 0.01768119155446326 0.04257800122094778 0.09314517994104841 0.4134817032153635 0.5735245580156395 0.7633776882929345 1.3701658756223805
200 2000 0.022334671993862396 1.3394569066923612 0.011504375857311575 0.011504375857311575 0.017750421214750508 0.042651413081684623 0.09232198018345608 0.4180384645711754 0.5517359880393606 0.7569015923613405 1.3394569066923612
201 2010 0.020112984965303664 1.3292830372749207 0.011184956478548959 0.011184956478548959 0.01704830935356329 0.04255122647663061 0.09858021967212777 0.40888129063065765 0.5507621695457623 0.7374488065664061 1.3292830372749207
202 2020 0.017954614491902738 1.3056275078385997 0.011050681787102867 0.011050681787102867 0.01653387643279138 0.040303281725062125 0.09669372896301194 0.40893915249000384 0.5540381241028797 0.7264138640297306 1.3056275078385997
203 2030 0.015606584968821844 1.3058868752797166 0.010572163053813269 0.010572163053813269 0.01650528595254072 0.040446807267618685 0.09586999419472504 0.4132906363352709 0.5361342007367204 0.6741212509084162 1.3058868752797166
204 2040 0.014809774893198051 1.2601775481186765 0.010572178333412095 0.010572178333412095 0.015646904954796526 0.04073557443557532 0.0962572675212607 0.3988995372275735 0.5235759747438821 0.6542123889700698 1.2601775481186765
205 2050 0.014425553306672724 1.2388233959407478 0.01029014929670101 0.01029014929670101 0.01571007458644389 0.040911455578758193 0.0916436886535326 0.384935018120268 0.5172376699248701 0.6696782420435737 1.2388233959407478
206 2060 0.012619840491157688 1.2293049771800462 0.010200500725699937 0.010200500725699937 0.015963469257203152 0.04029914395228662 0.0877666645523968 0.3653003812541218 0.5048207234698546 0.7043977488963672 1.2293049771800462
207 2070 0.010749298803475589 1.2186297786177755 0.010030368856536463 0.010030368856536463 0.01566701719175103 0.0387758235063831 0.08800170736079038 0.3546926532498117 0.4803348903173868 0.7015718837857797 1.2186297786177755
208 2080 0.010401832877643522 1.178478861393745 0.009800307160209082 0.009800307160209082 0.015526035863398187 0.03897759969710476 0.0901583151738671 0.34236744273213615 0.45992491236434474 0.7004496171310705 1.178478861393745
209 2090 0.009667509596281387 1.1577362538134959 0.009885762067032197 0.009885762067032197 0.01506585227242786 0.03881962188684429 0.08707236529017182 0.3335313178822685 0.46402237281056313 0.7063899894390081 1.1577362538134959
210 2100 0.008498760987262913 1.1744371194100889 0.009832869194382412 0.009832869194382412 0.015221778163154174 0.03851012963758913 0.08341687200142323 0.32669290707169046 0.44928052732277174 0.6879051332268492 1.1744371194100889
211 2110 0.007995706661840995 1.1121643668080148 0.009689285291274649 0.009689285291274649 0.014936365449769916 0.0372364237996609 0.08297341589815338 0.32138406586721896 0.4418398305900269 0.6932404580611563 1.1121643668080148
212 2120 0.008632164831324231 1.1407082202465963 0.009395127130295996 0.009395127130295996 0.014516870360881996 0.03680912878057798 0.08355771504039997 0.2959797729797737 0.45672971281676994 0.6891085691684085 1.1407082202465963
213 2130 0.00860472615461799 1.147796822720377 0.009288194628639307 0.009288194628639307 0.014443692070784726 0.03622795137232989 0.08698338862313854 0.2896574165130833 0.46777006080800765 0.6724136777843273 1.147796822720377
214 2140 0.008881804943950087 1.1673735851995486 0.009200739124627572 0.009200739124627572 0.01413635675026908 0.03342612294509222 0.08876616455296198 0.28660035538459344 0.468706700067797 0.6605566438598024 1.1673735851995486
215 2150 0.008131027665141503 1.1411042885828746 0.009197654662944798 0.009197654662944798 0.01359988617544922 0.03397030331875218 0.0843046111335852 0.3058920460225028 0.4644815568785398 0.6597496552687762 1.1411042885828746
216 2160 0.007781555256805114 1.0824131033705664 0.008923341813136355 0.008923341813136355 0.013396677789410604 0.03339178875125444 0.0831165821834109 0.30159371447896416 0.4610050012629184 0.6635397112511991 1.0824131033705664
217 2170 0.007118825278061425 1.0623700504038773 0.009013098493658655 0.009013098493658655 0.013005753616955513 0.0322438497243785 0.08179144289988619 0.30933098229348266 0.45016416604939075 0.648984428190828 1.0623700504038773
218 2180 0.006448455610557299 1.0649098050107164 0.00855870121940372 0.00855870121940372 0.012715357957990397 0.032235063838253024 0.07906027217130614 0.3111089434214293 0.4474121558397529 0.6283196661647056 1.0649098050107164
219 2190 0.006695211931707636 1.075345348891816 0.00857581158220065 0.00857581158220065 0.012055771629062375 0.03199708242218095 0.07679264002214542 0.30270417149572976 0.4384487323894738 0.6137037500230672 1.075345348891816
220 2200 0.006011709120740161 1.0647299165815447 0.008555309957388091 0.008555309957388091 0.012091845668680486 0.031187385080859893 0.07592515057148919 0.3145247356346142 0.4301733773363285 0.6133266822887001 1.0647299165815447
221 2210 0.005177047465147679 1.0574903294628124 0.008685967181121836 0.008685967181121836 0.011449170848898432 0.030548787763550446 0.07445876607235188 0.31288026769335847 0.426707436101118 0.6139851623197867 1.0574903294628124
222 2220 0.004956094844931631 1.0562390776907447 0.008182137972895902 0.008182137972895902 0.010907226206381937 0.030292426421900765 0.07568702423544457 0.30674531194903365 0.416912253214668 0.6022355665872592 1.0562390776907447
223 2230 0.0045821838422961695 1.0693081382582732 0.00813856102188149 0.00813856102188149 0.01060525704458367 0.03034239964857133 0.0734847278553052 0.3081248716856562 0.41083950344703074 0.5937628259887181 1.0693081382582732
224 2240 0.004528689597268697 1.0063842019875868 0.008039824709857524 0.008039824709857524 0.010657496076461881 0.030415069968980957 0.07104582243953105 0.3022177186702775 0.41098360057202404 0.5919488291789324 1.0063842019875868
225 2250 0.00409157828570105 1.0154451160058722 0.007915547349533961 0.007915547349533961 0.010901989540386415 0.030089390637788958 0.07137231413188914 0.2913718387408468 0.4090434211342898 0.5679243098521499 1.0154451160058722
226 2260 0.003645352828624952 0.9769960269197834 0.007939135708403605 0.007939135708403605 0.011062195560760506 0.029762692937975822 0.07336154148433838 0.2836418789626245 0.39925475230473884 0.5681478574323352 0.9769960269197834
227 2270 0.0034117524586928594 0.9414434681023384 0.007594502436012476 0.007594502436012476 0.011068473895723236 0.03088393524219527 0.07218740121085133 0.2809525814414224 0.39846532426719755 0.5623257185227738 0.9414434681023384
228 2280 0.003667399843945705 0.9118696028093561 0.00753760017010921 0.00753760017010921 0.011037848933222181 0.030453857934192953 0.07227118822625811 0.2804780215520074 0.3944121347245752 0.5377836898317262 0.9118696028093561
229 2290 0.003427312507428526 0.855016715305676 0.007355565988184835 0.007355565988184835 0.011316807285986193 0.031738255562608814 0.07171840492681601 0.2824897502154161 0.4019805511744781 0.5302478357946006 0.855016715305676
230 2300 0.0028702060661502295 0.8390973344124951 0.007035008133600649 0.007035008133600649 0.011330287438852534 0.031623584967381116 0.06986672292054383 0.2759834834366127 0.4013101258313719 0.5153410213788335 0.8390973344124951
231 2310 0.0026544392335645633 0.8332966148856883 0.006983300732367654 0.006983300732367654 0.010449111629330737 0.0312130994766944 0.06938634043287686 0.26942980433283725 0.39427047751837563 0.5118775248430686 0.8332966148856883
232 2320 0.0024663639447490655 0.8263453527485034 0.006906582891202387 0.006906582891202387 0.01039769140679843 0.031073208973697978 0.06726857765529602 0.25841897154669957 0.4033404953054357 0.494090878283925 0.8263453527485034
233 2330 0.0021790548598308846 0.8138116240514712 0.006877678615254496 0.006877678615254496 0.010384094350976867 0.030501846028452753 0.06979199023180223 0.25835200633907407 0.3980320973565372 0.4673156255808757 0.8138116240514712
234 2340 0.001972870530025396 0.7753018243873787 0.006848377902317988 0.006848377902317988 0.010678448652685425 0.0297570191225695 0.06624180198059812 0.2570883360569083 0.3917216688520477 0.45589732048321635 0.7753018243873787
235 2350 0.0017313876854450417 0.766825059701723 0.0069070689429015005 0.0069070689429015005 0.010604838769743193 0.029354657697980253 0.06727990876603644 0.24767714231053484 0.38408378047458974 0.43911267900842166 0.766825059701723
236 2360 0.0014877640982974582 0.7798165877037676 0.006820411547898089 0.006820411547898089 0.010368806556419786 0.029208241529896237 0.06547683560250749 0.24074943355723116 0.372255400775777 0.4336171374237473 0.7798165877037676
237 2370 0.0014126090402068736 0.7544913073918328 0.006741806500775826 0.006741806500775826 0.010193409079281204 0.02913516754848314 0.06586049897797665 0.23278584196342553 0.3598136604744775 0.43720853770216395 0.7544913073918328
238 2380 0.0012695665701907167 0.7617707590094096 0.006673196694875022 0.006673196694875022 0.01010592081997491 0.027956059676207203 0.06405768323322726 0.229075031561393 0.3601911781777573 0.43387721812392155 0.7617707590094096
239 2390 0.001074522884566413 0.7581126484894944 0.006489004858942138 0.006489004858942138 0.009918003762103686 0.02768529622756803 0.062015697550812605 0.2224085419926505 0.3528091497346879 0.43231360367764 0.7581126484894944
240 2400 0.0010039531957975261 0.7472378172073929 0.0062247678829517785 0.0062247678829517785 0.009554770450614378 0.027879934567471086 0.06027057660521218 0.21535393274101824 0.3520249422671238 0.43923779971147503 0.7472378172073929
241 2410 0.000946659539162628 0.7321268165988838 0.006261402436123281 0.006261402436123281 0.009553012121200515 0.027634573257284297 0.058698109119797774 0.2218991519172887 0.3442365146244556 0.4071047434921668 0.7321268165988838
242 2420 0.0008802886691741688 0.7222616539336911 0.006201960335034257 0.006201960335034257 0.009463764930013977 0.02722750127004057 0.05774223944400175 0.21552567374831932 0.3467164423876012 0.40420873175455857 0.7222616539336911
243 2430 0.0008561566908513275 0.7217255273688916 0.00625487824675073 0.00625487824675073 0.009524985822709954 0.026119907786619292 0.0565886995900196 0.2139130825455042 0.3240406542915385 0.4098936619356498 0.7217255273688916
244 2440 0.0007801938669014156 0.7527888697796681 0.006061036406388737 0.006061036406388737 0.009421120101822503 0.026242697684224322 0.056129749248364745 0.21167497687926937 0.3054896941701078 0.4134158691060906 0.7527888697796681
245 2450 0.0007504540825199825 0.7367597982973816 0.006024929401571425 0.006024929401571425 0.009236016320968715 0.026174265578391816 0.057164584661373176 0.20451010328941668 0.2882268253676301 0.40995774384915323 0.7367597982973816
246 2460 0.000673537459466632 0.7215034161835135 0.005929754179666904 0.005929754179666904 0.009076211106093586 0.02531649171351819 0.05905844927349265 0.207954659986648 0.28994618677486034 0.39390070389715215 0.7215034161835135
247 2470 0.0006545336004991202 0.7109305541928725 0.005958153849665012 0.005958153849665012 0.009008800082164765 0.023972428345842494 0.0574949946927792 0.20426360102886743 0.2815799078060355 0.4065561436584426 0.7109305541928725
248 2480 0.0006050219097902564 0.6802608056338171 0.0059941516449814455 0.0059941516449814455 0.00884081064222194 0.02404366477693117 0.05755213724423154 0.20239071051737267 0.28242363186423963 0.402503431523035 0.6802608056338171
249 2490 0.0005757117546522415 0.6873538690736795 0.005857707254669498 0.005857707254669498 0.008808775742266226 0.024248719900725867 0.05585009464142099 0.1976405243452249 0.28493008918020063 0.3767008727165603 0.6873538690736795
