% # columns="iteration, evaluation, min max(neg(.)) min(pos(.)) max correlation, correlation matrix principle axes lengths  (sorted square roots of eigenvalues of correlation matrix)", seed=687475, Wed Nov 10 11:22:12 2021
1 10 -0.04606721188184972 -0.007745892416363259 0.017136516227257627 0.10351900447099649 0.9453512345289617 0.963771724462465 0.9810716027038228 0.9917449835932332 1.0012089900276462 1.0027124486086627 1.021985533360212 1.0858588203272594
2 20 -0.04606721188184972 -0.007745892416363259 0.017136516227257627 0.10351900447099649 0.9453512345289617 0.963771724462465 0.9810716027038228 0.9917449835932332 1.0012089900276462 1.0027124486086627 1.021985533360212 1.0858588203272594
3 30 -0.04606721188184972 -0.007745892416363259 0.017136516227257627 0.10351900447099649 0.9453512345289617 0.963771724462465 0.9810716027038228 0.9917449835932332 1.0012089900276462 1.0027124486086627 1.021985533360212 1.0858588203272594
4 40 -0.04606721188184972 -0.007745892416363259 0.017136516227257627 0.10351900447099649 0.9453512345289617 0.963771724462465 0.9810716027038228 0.9917449835932332 1.0012089900276462 1.0027124486086627 1.021985533360212 1.0858588203272594
5 50 -0.04606721188184972 -0.007745892416363259 0.017136516227257627 0.10351900447099649 0.9453512345289617 0.963771724462465 0.9810716027038228 0.9917449835932332 1.0012089900276462 1.0027124486086627 1.021985533360212 1.0858588203272594
6 60 -0.04606721188184972 -0.007745892416363259 0.017136516227257627 0.10351900447099649 0.9453512345289617 0.963771724462465 0.9810716027038228 0.9917449835932332 1.0012089900276462 1.0027124486086627 1.021985533360212 1.0858588203272594
7 70 -0.04606721188184972 -0.007745892416363259 0.017136516227257627 0.10351900447099649 0.9453512345289617 0.963771724462465 0.9810716027038228 0.9917449835932332 1.0012089900276462 1.0027124486086627 1.021985533360212 1.0858588203272594
8 80 -0.04606721188184972 -0.007745892416363259 0.017136516227257627 0.10351900447099649 0.9453512345289617 0.963771724462465 0.9810716027038228 0.9917449835932332 1.0012089900276462 1.0027124486086627 1.021985533360212 1.0858588203272594
9 90 -0.2533717483827056 -0.05757790516068596 0.08736556848736413 0.20780393806674874 0.7727507313812464 0.8563072230519548 0.9312059304769535 0.9410331408796486 1.0373975092049739 1.0665116192439976 1.1057470885943126 1.2167946168879922
10 100 -0.2533717483827056 -0.05757790516068596 0.08736556848736413 0.20780393806674874 0.7727507313812464 0.8563072230519548 0.9312059304769535 0.9410331408796486 1.0373975092049739 1.0665116192439976 1.1057470885943126 1.2167946168879922
11 110 -0.2533717483827056 -0.05757790516068596 0.08736556848736413 0.20780393806674874 0.7727507313812464 0.8563072230519548 0.9312059304769535 0.9410331408796486 1.0373975092049739 1.0665116192439976 1.1057470885943126 1.2167946168879922
12 120 -0.2533717483827056 -0.05757790516068596 0.08736556848736413 0.20780393806674874 0.7727507313812464 0.8563072230519548 0.9312059304769535 0.9410331408796486 1.0373975092049739 1.0665116192439976 1.1057470885943126 1.2167946168879922
13 130 -0.2533717483827056 -0.05757790516068596 0.08736556848736413 0.20780393806674874 0.7727507313812464 0.8563072230519548 0.9312059304769535 0.9410331408796486 1.0373975092049739 1.0665116192439976 1.1057470885943126 1.2167946168879922
14 140 -0.2533717483827056 -0.05757790516068596 0.08736556848736413 0.20780393806674874 0.7727507313812464 0.8563072230519548 0.9312059304769535 0.9410331408796486 1.0373975092049739 1.0665116192439976 1.1057470885943126 1.2167946168879922
15 150 -0.2533717483827056 -0.05757790516068596 0.08736556848736413 0.20780393806674874 0.7727507313812464 0.8563072230519548 0.9312059304769535 0.9410331408796486 1.0373975092049739 1.0665116192439976 1.1057470885943126 1.2167946168879922
16 160 -0.2533717483827056 -0.05757790516068596 0.08736556848736413 0.20780393806674874 0.7727507313812464 0.8563072230519548 0.9312059304769535 0.9410331408796486 1.0373975092049739 1.0665116192439976 1.1057470885943126 1.2167946168879922
17 170 -0.2061390510868781 -0.09042908534415496 0.1337780036917167 0.36521293164707574 0.6991004840823917 0.7732288066295406 0.8560517255387583 0.9315782032074128 1.036663299172279 1.0763105431650986 1.1721404001022007 1.3060187293963796
18 180 -0.2061390510868781 -0.09042908534415496 0.1337780036917167 0.36521293164707574 0.6991004840823917 0.7732288066295406 0.8560517255387583 0.9315782032074128 1.036663299172279 1.0763105431650986 1.1721404001022007 1.3060187293963796
19 190 -0.2061390510868781 -0.09042908534415496 0.1337780036917167 0.36521293164707574 0.6991004840823917 0.7732288066295406 0.8560517255387583 0.9315782032074128 1.036663299172279 1.0763105431650986 1.1721404001022007 1.3060187293963796
20 200 -0.2061390510868781 -0.09042908534415496 0.1337780036917167 0.36521293164707574 0.6991004840823917 0.7732288066295406 0.8560517255387583 0.9315782032074128 1.036663299172279 1.0763105431650986 1.1721404001022007 1.3060187293963796
21 210 -0.2061390510868781 -0.09042908534415496 0.1337780036917167 0.36521293164707574 0.6991004840823917 0.7732288066295406 0.8560517255387583 0.9315782032074128 1.036663299172279 1.0763105431650986 1.1721404001022007 1.3060187293963796
22 220 -0.2061390510868781 -0.09042908534415496 0.1337780036917167 0.36521293164707574 0.6991004840823917 0.7732288066295406 0.8560517255387583 0.9315782032074128 1.036663299172279 1.0763105431650986 1.1721404001022007 1.3060187293963796
23 230 -0.2061390510868781 -0.09042908534415496 0.1337780036917167 0.36521293164707574 0.6991004840823917 0.7732288066295406 0.8560517255387583 0.9315782032074128 1.036663299172279 1.0763105431650986 1.1721404001022007 1.3060187293963796
24 240 -0.2061390510868781 -0.09042908534415496 0.1337780036917167 0.36521293164707574 0.6991004840823917 0.7732288066295406 0.8560517255387583 0.9315782032074128 1.036663299172279 1.0763105431650986 1.1721404001022007 1.3060187293963796
25 250 -0.30603543123265037 -0.1672428593170985 0.14308691950316027 0.302105114644336 0.6426840223507851 0.7304553262782508 0.8686679042234847 0.8912121411123297 0.9964232814165865 1.162800378249438 1.2143197265703074 1.2980804218879836
26 260 -0.30603543123265037 -0.1672428593170985 0.14308691950316027 0.302105114644336 0.6426840223507851 0.7304553262782508 0.8686679042234847 0.8912121411123297 0.9964232814165865 1.162800378249438 1.2143197265703074 1.2980804218879836
27 270 -0.30603543123265037 -0.1672428593170985 0.14308691950316027 0.302105114644336 0.6426840223507851 0.7304553262782508 0.8686679042234847 0.8912121411123297 0.9964232814165865 1.162800378249438 1.2143197265703074 1.2980804218879836
28 280 -0.30603543123265037 -0.1672428593170985 0.14308691950316027 0.302105114644336 0.6426840223507851 0.7304553262782508 0.8686679042234847 0.8912121411123297 0.9964232814165865 1.162800378249438 1.2143197265703074 1.2980804218879836
29 290 -0.30603543123265037 -0.1672428593170985 0.14308691950316027 0.302105114644336 0.6426840223507851 0.7304553262782508 0.8686679042234847 0.8912121411123297 0.9964232814165865 1.162800378249438 1.2143197265703074 1.2980804218879836
30 300 -0.30603543123265037 -0.1672428593170985 0.14308691950316027 0.302105114644336 0.6426840223507851 0.7304553262782508 0.8686679042234847 0.8912121411123297 0.9964232814165865 1.162800378249438 1.2143197265703074 1.2980804218879836
31 310 -0.30603543123265037 -0.1672428593170985 0.14308691950316027 0.302105114644336 0.6426840223507851 0.7304553262782508 0.8686679042234847 0.8912121411123297 0.9964232814165865 1.162800378249438 1.2143197265703074 1.2980804218879836
32 320 -0.30603543123265037 -0.1672428593170985 0.14308691950316027 0.302105114644336 0.6426840223507851 0.7304553262782508 0.8686679042234847 0.8912121411123297 0.9964232814165865 1.162800378249438 1.2143197265703074 1.2980804218879836
33 330 -0.3795900815056457 -0.158002431977951 0.12224679866115296 0.3274165098130778 0.618356433451239 0.6815975046958949 0.8182684213794725 0.8847635713890142 0.994928748384352 1.1619969346364187 1.2155227452413822 1.372251704845966
34 340 -0.3795900815056457 -0.158002431977951 0.12224679866115296 0.3274165098130778 0.618356433451239 0.6815975046958949 0.8182684213794725 0.8847635713890142 0.994928748384352 1.1619969346364187 1.2155227452413822 1.372251704845966
35 350 -0.3795900815056457 -0.158002431977951 0.12224679866115296 0.3274165098130778 0.618356433451239 0.6815975046958949 0.8182684213794725 0.8847635713890142 0.994928748384352 1.1619969346364187 1.2155227452413822 1.372251704845966
36 360 -0.3795900815056457 -0.158002431977951 0.12224679866115296 0.3274165098130778 0.618356433451239 0.6815975046958949 0.8182684213794725 0.8847635713890142 0.994928748384352 1.1619969346364187 1.2155227452413822 1.372251704845966
37 370 -0.3795900815056457 -0.158002431977951 0.12224679866115296 0.3274165098130778 0.618356433451239 0.6815975046958949 0.8182684213794725 0.8847635713890142 0.994928748384352 1.1619969346364187 1.2155227452413822 1.372251704845966
38 380 -0.3795900815056457 -0.158002431977951 0.12224679866115296 0.3274165098130778 0.618356433451239 0.6815975046958949 0.8182684213794725 0.8847635713890142 0.994928748384352 1.1619969346364187 1.2155227452413822 1.372251704845966
39 390 -0.3795900815056457 -0.158002431977951 0.12224679866115296 0.3274165098130778 0.618356433451239 0.6815975046958949 0.8182684213794725 0.8847635713890142 0.994928748384352 1.1619969346364187 1.2155227452413822 1.372251704845966
40 400 -0.3795900815056457 -0.158002431977951 0.12224679866115296 0.3274165098130778 0.618356433451239 0.6815975046958949 0.8182684213794725 0.8847635713890142 0.994928748384352 1.1619969346364187 1.2155227452413822 1.372251704845966
41 410 -0.3287833540142832 -0.15261043259509532 0.14827288847780196 0.3974886412667843 0.5439643545047098 0.7664264486136041 0.7922487504558589 0.8679095602972803 1.023186100656527 1.099701188145593 1.2204394587628462 1.4106889168589358
42 420 -0.3287833540142832 -0.15261043259509532 0.14827288847780196 0.3974886412667843 0.5439643545047098 0.7664264486136041 0.7922487504558589 0.8679095602972803 1.023186100656527 1.099701188145593 1.2204394587628462 1.4106889168589358
43 430 -0.3287833540142832 -0.15261043259509532 0.14827288847780196 0.3974886412667843 0.5439643545047098 0.7664264486136041 0.7922487504558589 0.8679095602972803 1.023186100656527 1.099701188145593 1.2204394587628462 1.4106889168589358
44 440 -0.3287833540142832 -0.15261043259509532 0.14827288847780196 0.3974886412667843 0.5439643545047098 0.7664264486136041 0.7922487504558589 0.8679095602972803 1.023186100656527 1.099701188145593 1.2204394587628462 1.4106889168589358
45 450 -0.3287833540142832 -0.15261043259509532 0.14827288847780196 0.3974886412667843 0.5439643545047098 0.7664264486136041 0.7922487504558589 0.8679095602972803 1.023186100656527 1.099701188145593 1.2204394587628462 1.4106889168589358
46 460 -0.3287833540142832 -0.15261043259509532 0.14827288847780196 0.3974886412667843 0.5439643545047098 0.7664264486136041 0.7922487504558589 0.8679095602972803 1.023186100656527 1.099701188145593 1.2204394587628462 1.4106889168589358
47 470 -0.3287833540142832 -0.15261043259509532 0.14827288847780196 0.3974886412667843 0.5439643545047098 0.7664264486136041 0.7922487504558589 0.8679095602972803 1.023186100656527 1.099701188145593 1.2204394587628462 1.4106889168589358
48 480 -0.3287833540142832 -0.15261043259509532 0.14827288847780196 0.3974886412667843 0.5439643545047098 0.7664264486136041 0.7922487504558589 0.8679095602972803 1.023186100656527 1.099701188145593 1.2204394587628462 1.4106889168589358
49 490 -0.35097363855643393 -0.1726133490834147 0.18891703173162222 0.452524188738131 0.5184935851448356 0.7371544716875995 0.7894593034186651 0.8508482312759462 0.9569577956232173 1.07980853666753 1.2072796726135817 1.5170036507025497
50 500 -0.35097363855643393 -0.1726133490834147 0.18891703173162222 0.452524188738131 0.5184935851448356 0.7371544716875995 0.7894593034186651 0.8508482312759462 0.9569577956232173 1.07980853666753 1.2072796726135817 1.5170036507025497
51 510 -0.35097363855643393 -0.1726133490834147 0.18891703173162222 0.452524188738131 0.5184935851448356 0.7371544716875995 0.7894593034186651 0.8508482312759462 0.9569577956232173 1.07980853666753 1.2072796726135817 1.5170036507025497
52 520 -0.35097363855643393 -0.1726133490834147 0.18891703173162222 0.452524188738131 0.5184935851448356 0.7371544716875995 0.7894593034186651 0.8508482312759462 0.9569577956232173 1.07980853666753 1.2072796726135817 1.5170036507025497
53 530 -0.35097363855643393 -0.1726133490834147 0.18891703173162222 0.452524188738131 0.5184935851448356 0.7371544716875995 0.7894593034186651 0.8508482312759462 0.9569577956232173 1.07980853666753 1.2072796726135817 1.5170036507025497
54 540 -0.35097363855643393 -0.1726133490834147 0.18891703173162222 0.452524188738131 0.5184935851448356 0.7371544716875995 0.7894593034186651 0.8508482312759462 0.9569577956232173 1.07980853666753 1.2072796726135817 1.5170036507025497
55 550 -0.35097363855643393 -0.1726133490834147 0.18891703173162222 0.452524188738131 0.5184935851448356 0.7371544716875995 0.7894593034186651 0.8508482312759462 0.9569577956232173 1.07980853666753 1.2072796726135817 1.5170036507025497
56 560 -0.35097363855643393 -0.1726133490834147 0.18891703173162222 0.452524188738131 0.5184935851448356 0.7371544716875995 0.7894593034186651 0.8508482312759462 0.9569577956232173 1.07980853666753 1.2072796726135817 1.5170036507025497
57 570 -0.3671957564913148 -0.20335965175872261 0.17294297573941636 0.6942298949517881 0.47828867820309107 0.5716899276633547 0.7944293582385047 0.8917248519132482 0.9273121829539627 1.0428440901567675 1.2807511147515036 1.5589625560587086
58 580 -0.3671957564913148 -0.20335965175872261 0.17294297573941636 0.6942298949517881 0.47828867820309107 0.5716899276633547 0.7944293582385047 0.8917248519132482 0.9273121829539627 1.0428440901567675 1.2807511147515036 1.5589625560587086
59 590 -0.3671957564913148 -0.20335965175872261 0.17294297573941636 0.6942298949517881 0.47828867820309107 0.5716899276633547 0.7944293582385047 0.8917248519132482 0.9273121829539627 1.0428440901567675 1.2807511147515036 1.5589625560587086
60 600 -0.3671957564913148 -0.20335965175872261 0.17294297573941636 0.6942298949517881 0.47828867820309107 0.5716899276633547 0.7944293582385047 0.8917248519132482 0.9273121829539627 1.0428440901567675 1.2807511147515036 1.5589625560587086
61 610 -0.3671957564913148 -0.20335965175872261 0.17294297573941636 0.6942298949517881 0.47828867820309107 0.5716899276633547 0.7944293582385047 0.8917248519132482 0.9273121829539627 1.0428440901567675 1.2807511147515036 1.5589625560587086
62 620 -0.3671957564913148 -0.20335965175872261 0.17294297573941636 0.6942298949517881 0.47828867820309107 0.5716899276633547 0.7944293582385047 0.8917248519132482 0.9273121829539627 1.0428440901567675 1.2807511147515036 1.5589625560587086
63 630 -0.3671957564913148 -0.20335965175872261 0.17294297573941636 0.6942298949517881 0.47828867820309107 0.5716899276633547 0.7944293582385047 0.8917248519132482 0.9273121829539627 1.0428440901567675 1.2807511147515036 1.5589625560587086
64 640 -0.3671957564913148 -0.20335965175872261 0.17294297573941636 0.6942298949517881 0.47828867820309107 0.5716899276633547 0.7944293582385047 0.8917248519132482 0.9273121829539627 1.0428440901567675 1.2807511147515036 1.5589625560587086
65 650 -0.40671760431212306 -0.17583308561252514 0.12241952533947072 0.7648023215961632 0.36981892565446717 0.5215044182566785 0.7232641397344666 0.8890429509682231 0.9258242470220958 1.1629852394513025 1.3253031808629172 1.5204094825781025
66 660 -0.40671760431212306 -0.17583308561252514 0.12241952533947072 0.7648023215961632 0.36981892565446717 0.5215044182566785 0.7232641397344666 0.8890429509682231 0.9258242470220958 1.1629852394513025 1.3253031808629172 1.5204094825781025
67 670 -0.40671760431212306 -0.17583308561252514 0.12241952533947072 0.7648023215961632 0.36981892565446717 0.5215044182566785 0.7232641397344666 0.8890429509682231 0.9258242470220958 1.1629852394513025 1.3253031808629172 1.5204094825781025
68 680 -0.40671760431212306 -0.17583308561252514 0.12241952533947072 0.7648023215961632 0.36981892565446717 0.5215044182566785 0.7232641397344666 0.8890429509682231 0.9258242470220958 1.1629852394513025 1.3253031808629172 1.5204094825781025
69 690 -0.40671760431212306 -0.17583308561252514 0.12241952533947072 0.7648023215961632 0.36981892565446717 0.5215044182566785 0.7232641397344666 0.8890429509682231 0.9258242470220958 1.1629852394513025 1.3253031808629172 1.5204094825781025
70 700 -0.40671760431212306 -0.17583308561252514 0.12241952533947072 0.7648023215961632 0.36981892565446717 0.5215044182566785 0.7232641397344666 0.8890429509682231 0.9258242470220958 1.1629852394513025 1.3253031808629172 1.5204094825781025
71 710 -0.40671760431212306 -0.17583308561252514 0.12241952533947072 0.7648023215961632 0.36981892565446717 0.5215044182566785 0.7232641397344666 0.8890429509682231 0.9258242470220958 1.1629852394513025 1.3253031808629172 1.5204094825781025
72 720 -0.40671760431212306 -0.17583308561252514 0.12241952533947072 0.7648023215961632 0.36981892565446717 0.5215044182566785 0.7232641397344666 0.8890429509682231 0.9258242470220958 1.1629852394513025 1.3253031808629172 1.5204094825781025
73 730 -0.365759181494514 -0.17639400887573264 0.1329999783956875 0.7306422849273999 0.3504173630075305 0.503554281004167 0.7921933583976363 0.8566982307934636 0.9316803207759897 1.11009649738579 1.3461509357553039 1.532864568899326
74 740 -0.365759181494514 -0.17639400887573264 0.1329999783956875 0.7306422849273999 0.3504173630075305 0.503554281004167 0.7921933583976363 0.8566982307934636 0.9316803207759897 1.11009649738579 1.3461509357553039 1.532864568899326
75 750 -0.365759181494514 -0.17639400887573264 0.1329999783956875 0.7306422849273999 0.3504173630075305 0.503554281004167 0.7921933583976363 0.8566982307934636 0.9316803207759897 1.11009649738579 1.3461509357553039 1.532864568899326
76 760 -0.365759181494514 -0.17639400887573264 0.1329999783956875 0.7306422849273999 0.3504173630075305 0.503554281004167 0.7921933583976363 0.8566982307934636 0.9316803207759897 1.11009649738579 1.3461509357553039 1.532864568899326
77 770 -0.365759181494514 -0.17639400887573264 0.1329999783956875 0.7306422849273999 0.3504173630075305 0.503554281004167 0.7921933583976363 0.8566982307934636 0.9316803207759897 1.11009649738579 1.3461509357553039 1.532864568899326
78 780 -0.365759181494514 -0.17639400887573264 0.1329999783956875 0.7306422849273999 0.3504173630075305 0.503554281004167 0.7921933583976363 0.8566982307934636 0.9316803207759897 1.11009649738579 1.3461509357553039 1.532864568899326
79 790 -0.365759181494514 -0.17639400887573264 0.1329999783956875 0.7306422849273999 0.3504173630075305 0.503554281004167 0.7921933583976363 0.8566982307934636 0.9316803207759897 1.11009649738579 1.3461509357553039 1.532864568899326
80 800 -0.365759181494514 -0.17639400887573264 0.1329999783956875 0.7306422849273999 0.3504173630075305 0.503554281004167 0.7921933583976363 0.8566982307934636 0.9316803207759897 1.11009649738579 1.3461509357553039 1.532864568899326
81 810 -0.3516415839035839 -0.21637752210792738 0.1396492820594159 0.6760813819037075 0.33801429590903237 0.5124690816053437 0.7911700227250342 0.9101350939593997 0.971989142670332 1.0888255878627684 1.370844913599185 1.4694577403416602
82 820 -0.3516415839035839 -0.21637752210792738 0.1396492820594159 0.6760813819037075 0.33801429590903237 0.5124690816053437 0.7911700227250342 0.9101350939593997 0.971989142670332 1.0888255878627684 1.370844913599185 1.4694577403416602
83 830 -0.3516415839035839 -0.21637752210792738 0.1396492820594159 0.6760813819037075 0.33801429590903237 0.5124690816053437 0.7911700227250342 0.9101350939593997 0.971989142670332 1.0888255878627684 1.370844913599185 1.4694577403416602
84 840 -0.3516415839035839 -0.21637752210792738 0.1396492820594159 0.6760813819037075 0.33801429590903237 0.5124690816053437 0.7911700227250342 0.9101350939593997 0.971989142670332 1.0888255878627684 1.370844913599185 1.4694577403416602
85 850 -0.3516415839035839 -0.21637752210792738 0.1396492820594159 0.6760813819037075 0.33801429590903237 0.5124690816053437 0.7911700227250342 0.9101350939593997 0.971989142670332 1.0888255878627684 1.370844913599185 1.4694577403416602
86 860 -0.3516415839035839 -0.21637752210792738 0.1396492820594159 0.6760813819037075 0.33801429590903237 0.5124690816053437 0.7911700227250342 0.9101350939593997 0.971989142670332 1.0888255878627684 1.370844913599185 1.4694577403416602
87 870 -0.3516415839035839 -0.21637752210792738 0.1396492820594159 0.6760813819037075 0.33801429590903237 0.5124690816053437 0.7911700227250342 0.9101350939593997 0.971989142670332 1.0888255878627684 1.370844913599185 1.4694577403416602
88 880 -0.3516415839035839 -0.21637752210792738 0.1396492820594159 0.6760813819037075 0.33801429590903237 0.5124690816053437 0.7911700227250342 0.9101350939593997 0.971989142670332 1.0888255878627684 1.370844913599185 1.4694577403416602
89 890 -0.5761237235444754 -0.1613232475263875 0.17406092625831962 0.6579703519258094 0.3602216807549928 0.5804378547984916 0.7576570077257071 0.8502846744362295 0.9391508463815218 1.0965654008079975 1.3144612914140104 1.556931466494224
90 900 -0.5761237235444754 -0.1613232475263875 0.17406092625831962 0.6579703519258094 0.3602216807549928 0.5804378547984916 0.7576570077257071 0.8502846744362295 0.9391508463815218 1.0965654008079975 1.3144612914140104 1.556931466494224
91 910 -0.5761237235444754 -0.1613232475263875 0.17406092625831962 0.6579703519258094 0.3602216807549928 0.5804378547984916 0.7576570077257071 0.8502846744362295 0.9391508463815218 1.0965654008079975 1.3144612914140104 1.556931466494224
92 920 -0.5761237235444754 -0.1613232475263875 0.17406092625831962 0.6579703519258094 0.3602216807549928 0.5804378547984916 0.7576570077257071 0.8502846744362295 0.9391508463815218 1.0965654008079975 1.3144612914140104 1.556931466494224
93 930 -0.5761237235444754 -0.1613232475263875 0.17406092625831962 0.6579703519258094 0.3602216807549928 0.5804378547984916 0.7576570077257071 0.8502846744362295 0.9391508463815218 1.0965654008079975 1.3144612914140104 1.556931466494224
94 940 -0.5761237235444754 -0.1613232475263875 0.17406092625831962 0.6579703519258094 0.3602216807549928 0.5804378547984916 0.7576570077257071 0.8502846744362295 0.9391508463815218 1.0965654008079975 1.3144612914140104 1.556931466494224
95 950 -0.5761237235444754 -0.1613232475263875 0.17406092625831962 0.6579703519258094 0.3602216807549928 0.5804378547984916 0.7576570077257071 0.8502846744362295 0.9391508463815218 1.0965654008079975 1.3144612914140104 1.556931466494224
96 960 -0.5761237235444754 -0.1613232475263875 0.17406092625831962 0.6579703519258094 0.3602216807549928 0.5804378547984916 0.7576570077257071 0.8502846744362295 0.9391508463815218 1.0965654008079975 1.3144612914140104 1.556931466494224
97 970 -0.6149333601400524 -0.20328414611399356 0.22420301688361408 0.7154562355406384 0.3387929155135494 0.6453389675208827 0.7636799899993838 0.817524866599213 0.8582592163291131 1.0451582744040395 1.2962286867693464 1.6456091374899788
98 980 -0.6149333601400524 -0.20328414611399356 0.22420301688361408 0.7154562355406384 0.3387929155135494 0.6453389675208827 0.7636799899993838 0.817524866599213 0.8582592163291131 1.0451582744040395 1.2962286867693464 1.6456091374899788
99 990 -0.6149333601400524 -0.20328414611399356 0.22420301688361408 0.7154562355406384 0.3387929155135494 0.6453389675208827 0.7636799899993838 0.817524866599213 0.8582592163291131 1.0451582744040395 1.2962286867693464 1.6456091374899788
100 1000 -0.6149333601400524 -0.20328414611399356 0.22420301688361408 0.7154562355406384 0.3387929155135494 0.6453389675208827 0.7636799899993838 0.817524866599213 0.8582592163291131 1.0451582744040395 1.2962286867693464 1.6456091374899788
101 1010 -0.6149333601400524 -0.20328414611399356 0.22420301688361408 0.7154562355406384 0.3387929155135494 0.6453389675208827 0.7636799899993838 0.817524866599213 0.8582592163291131 1.0451582744040395 1.2962286867693464 1.6456091374899788
102 1020 -0.6149333601400524 -0.20328414611399356 0.22420301688361408 0.7154562355406384 0.3387929155135494 0.6453389675208827 0.7636799899993838 0.817524866599213 0.8582592163291131 1.0451582744040395 1.2962286867693464 1.6456091374899788
103 1030 -0.6149333601400524 -0.20328414611399356 0.22420301688361408 0.7154562355406384 0.3387929155135494 0.6453389675208827 0.7636799899993838 0.817524866599213 0.8582592163291131 1.0451582744040395 1.2962286867693464 1.6456091374899788
104 1040 -0.6149333601400524 -0.20328414611399356 0.22420301688361408 0.7154562355406384 0.3387929155135494 0.6453389675208827 0.7636799899993838 0.817524866599213 0.8582592163291131 1.0451582744040395 1.2962286867693464 1.6456091374899788
105 1050 -0.5459810917287498 -0.20039362897185758 0.24009753158270702 0.7322528496339691 0.3530168066056279 0.6875960334091797 0.7231764447691593 0.7792606517021695 0.875462105545013 1.0484257643862214 1.2754703580013667 1.6673045251901057
106 1060 -0.5459810917287498 -0.20039362897185758 0.24009753158270702 0.7322528496339691 0.3530168066056279 0.6875960334091797 0.7231764447691593 0.7792606517021695 0.875462105545013 1.0484257643862214 1.2754703580013667 1.6673045251901057
107 1070 -0.5459810917287498 -0.20039362897185758 0.24009753158270702 0.7322528496339691 0.3530168066056279 0.6875960334091797 0.7231764447691593 0.7792606517021695 0.875462105545013 1.0484257643862214 1.2754703580013667 1.6673045251901057
108 1080 -0.5459810917287498 -0.20039362897185758 0.24009753158270702 0.7322528496339691 0.3530168066056279 0.6875960334091797 0.7231764447691593 0.7792606517021695 0.875462105545013 1.0484257643862214 1.2754703580013667 1.6673045251901057
109 1090 -0.5459810917287498 -0.20039362897185758 0.24009753158270702 0.7322528496339691 0.3530168066056279 0.6875960334091797 0.7231764447691593 0.7792606517021695 0.875462105545013 1.0484257643862214 1.2754703580013667 1.6673045251901057
110 1100 -0.5459810917287498 -0.20039362897185758 0.24009753158270702 0.7322528496339691 0.3530168066056279 0.6875960334091797 0.7231764447691593 0.7792606517021695 0.875462105545013 1.0484257643862214 1.2754703580013667 1.6673045251901057
111 1110 -0.5459810917287498 -0.20039362897185758 0.24009753158270702 0.7322528496339691 0.3530168066056279 0.6875960334091797 0.7231764447691593 0.7792606517021695 0.875462105545013 1.0484257643862214 1.2754703580013667 1.6673045251901057
112 1120 -0.5459810917287498 -0.20039362897185758 0.24009753158270702 0.7322528496339691 0.3530168066056279 0.6875960334091797 0.7231764447691593 0.7792606517021695 0.875462105545013 1.0484257643862214 1.2754703580013667 1.6673045251901057
113 1130 -0.5194865228099351 -0.18443001049361252 0.2103536619616146 0.6927936647879375 0.40650308481310743 0.5930283482219318 0.7717017526403565 0.851023717604557 0.8900816778113565 1.1277006591802223 1.2125659580858117 1.6214306290092604
114 1140 -0.5194865228099351 -0.18443001049361252 0.2103536619616146 0.6927936647879375 0.40650308481310743 0.5930283482219318 0.7717017526403565 0.851023717604557 0.8900816778113565 1.1277006591802223 1.2125659580858117 1.6214306290092604
115 1150 -0.5194865228099351 -0.18443001049361252 0.2103536619616146 0.6927936647879375 0.40650308481310743 0.5930283482219318 0.7717017526403565 0.851023717604557 0.8900816778113565 1.1277006591802223 1.2125659580858117 1.6214306290092604
116 1160 -0.5194865228099351 -0.18443001049361252 0.2103536619616146 0.6927936647879375 0.40650308481310743 0.5930283482219318 0.7717017526403565 0.851023717604557 0.8900816778113565 1.1277006591802223 1.2125659580858117 1.6214306290092604
117 1170 -0.5194865228099351 -0.18443001049361252 0.2103536619616146 0.6927936647879375 0.40650308481310743 0.5930283482219318 0.7717017526403565 0.851023717604557 0.8900816778113565 1.1277006591802223 1.2125659580858117 1.6214306290092604
118 1180 -0.5194865228099351 -0.18443001049361252 0.2103536619616146 0.6927936647879375 0.40650308481310743 0.5930283482219318 0.7717017526403565 0.851023717604557 0.8900816778113565 1.1277006591802223 1.2125659580858117 1.6214306290092604
119 1190 -0.5194865228099351 -0.18443001049361252 0.2103536619616146 0.6927936647879375 0.40650308481310743 0.5930283482219318 0.7717017526403565 0.851023717604557 0.8900816778113565 1.1277006591802223 1.2125659580858117 1.6214306290092604
120 1200 -0.5194865228099351 -0.18443001049361252 0.2103536619616146 0.6927936647879375 0.40650308481310743 0.5930283482219318 0.7717017526403565 0.851023717604557 0.8900816778113565 1.1277006591802223 1.2125659580858117 1.6214306290092604
121 1210 -0.4444510673203824 -0.08253487762044762 0.159074506441912 0.6174787386965584 0.4031567224680139 0.5883232762492023 0.7846243961060658 0.8478068937691919 0.998833205979265 1.1905829106067414 1.2101122118834213 1.5091061599237656
122 1220 -0.4444510673203824 -0.08253487762044762 0.159074506441912 0.6174787386965584 0.4031567224680139 0.5883232762492023 0.7846243961060658 0.8478068937691919 0.998833205979265 1.1905829106067414 1.2101122118834213 1.5091061599237656
123 1230 -0.4444510673203824 -0.08253487762044762 0.159074506441912 0.6174787386965584 0.4031567224680139 0.5883232762492023 0.7846243961060658 0.8478068937691919 0.998833205979265 1.1905829106067414 1.2101122118834213 1.5091061599237656
124 1240 -0.4444510673203824 -0.08253487762044762 0.159074506441912 0.6174787386965584 0.4031567224680139 0.5883232762492023 0.7846243961060658 0.8478068937691919 0.998833205979265 1.1905829106067414 1.2101122118834213 1.5091061599237656
125 1250 -0.4444510673203824 -0.08253487762044762 0.159074506441912 0.6174787386965584 0.4031567224680139 0.5883232762492023 0.7846243961060658 0.8478068937691919 0.998833205979265 1.1905829106067414 1.2101122118834213 1.5091061599237656
126 1260 -0.4444510673203824 -0.08253487762044762 0.159074506441912 0.6174787386965584 0.4031567224680139 0.5883232762492023 0.7846243961060658 0.8478068937691919 0.998833205979265 1.1905829106067414 1.2101122118834213 1.5091061599237656
127 1270 -0.4444510673203824 -0.08253487762044762 0.159074506441912 0.6174787386965584 0.4031567224680139 0.5883232762492023 0.7846243961060658 0.8478068937691919 0.998833205979265 1.1905829106067414 1.2101122118834213 1.5091061599237656
128 1280 -0.4444510673203824 -0.08253487762044762 0.159074506441912 0.6174787386965584 0.4031567224680139 0.5883232762492023 0.7846243961060658 0.8478068937691919 0.998833205979265 1.1905829106067414 1.2101122118834213 1.5091061599237656
129 1290 -0.26637069424535603 -0.07058468719112741 0.14062104949420923 0.6672882327493173 0.39014806380952305 0.6268585120463716 0.7808785150340432 0.8344518995450341 1.0016266498388824 1.1367087661801691 1.2200156109881939 1.5378396569380701
130 1300 -0.26637069424535603 -0.07058468719112741 0.14062104949420923 0.6672882327493173 0.39014806380952305 0.6268585120463716 0.7808785150340432 0.8344518995450341 1.0016266498388824 1.1367087661801691 1.2200156109881939 1.5378396569380701
131 1310 -0.26637069424535603 -0.07058468719112741 0.14062104949420923 0.6672882327493173 0.39014806380952305 0.6268585120463716 0.7808785150340432 0.8344518995450341 1.0016266498388824 1.1367087661801691 1.2200156109881939 1.5378396569380701
132 1320 -0.26637069424535603 -0.07058468719112741 0.14062104949420923 0.6672882327493173 0.39014806380952305 0.6268585120463716 0.7808785150340432 0.8344518995450341 1.0016266498388824 1.1367087661801691 1.2200156109881939 1.5378396569380701
133 1330 -0.26637069424535603 -0.07058468719112741 0.14062104949420923 0.6672882327493173 0.39014806380952305 0.6268585120463716 0.7808785150340432 0.8344518995450341 1.0016266498388824 1.1367087661801691 1.2200156109881939 1.5378396569380701
134 1340 -0.26637069424535603 -0.07058468719112741 0.14062104949420923 0.6672882327493173 0.39014806380952305 0.6268585120463716 0.7808785150340432 0.8344518995450341 1.0016266498388824 1.1367087661801691 1.2200156109881939 1.5378396569380701
135 1350 -0.26637069424535603 -0.07058468719112741 0.14062104949420923 0.6672882327493173 0.39014806380952305 0.6268585120463716 0.7808785150340432 0.8344518995450341 1.0016266498388824 1.1367087661801691 1.2200156109881939 1.5378396569380701
136 1360 -0.26637069424535603 -0.07058468719112741 0.14062104949420923 0.6672882327493173 0.39014806380952305 0.6268585120463716 0.7808785150340432 0.8344518995450341 1.0016266498388824 1.1367087661801691 1.2200156109881939 1.5378396569380701
137 1370 -0.342145175213628 -0.04414302474045111 0.1995169577763769 0.7088437165897796 0.37078184735182024 0.6948681542051465 0.7750585863852825 0.8368921764963851 1.0449810740479106 1.1200064680463913 1.1276192467146589 1.568645799213475
138 1380 -0.342145175213628 -0.04414302474045111 0.1995169577763769 0.7088437165897796 0.37078184735182024 0.6948681542051465 0.7750585863852825 0.8368921764963851 1.0449810740479106 1.1200064680463913 1.1276192467146589 1.568645799213475
139 1390 -0.342145175213628 -0.04414302474045111 0.1995169577763769 0.7088437165897796 0.37078184735182024 0.6948681542051465 0.7750585863852825 0.8368921764963851 1.0449810740479106 1.1200064680463913 1.1276192467146589 1.568645799213475
140 1400 -0.342145175213628 -0.04414302474045111 0.1995169577763769 0.7088437165897796 0.37078184735182024 0.6948681542051465 0.7750585863852825 0.8368921764963851 1.0449810740479106 1.1200064680463913 1.1276192467146589 1.568645799213475
141 1410 -0.342145175213628 -0.04414302474045111 0.1995169577763769 0.7088437165897796 0.37078184735182024 0.6948681542051465 0.7750585863852825 0.8368921764963851 1.0449810740479106 1.1200064680463913 1.1276192467146589 1.568645799213475
142 1420 -0.342145175213628 -0.04414302474045111 0.1995169577763769 0.7088437165897796 0.37078184735182024 0.6948681542051465 0.7750585863852825 0.8368921764963851 1.0449810740479106 1.1200064680463913 1.1276192467146589 1.568645799213475
143 1430 -0.342145175213628 -0.04414302474045111 0.1995169577763769 0.7088437165897796 0.37078184735182024 0.6948681542051465 0.7750585863852825 0.8368921764963851 1.0449810740479106 1.1200064680463913 1.1276192467146589 1.568645799213475
144 1440 -0.342145175213628 -0.04414302474045111 0.1995169577763769 0.7088437165897796 0.37078184735182024 0.6948681542051465 0.7750585863852825 0.8368921764963851 1.0449810740479106 1.1200064680463913 1.1276192467146589 1.568645799213475
145 1450 -0.26452245927879886 -0.08445385879175198 0.20925592517047542 0.7567472483186197 0.36015538107317263 0.7170225141035519 0.7910586935512954 0.8434669955519799 1.0040255028349883 1.0528226001604482 1.1805162837874281 1.583930254930803
146 1460 -0.26452245927879886 -0.08445385879175198 0.20925592517047542 0.7567472483186197 0.36015538107317263 0.7170225141035519 0.7910586935512954 0.8434669955519799 1.0040255028349883 1.0528226001604482 1.1805162837874281 1.583930254930803
147 1470 -0.26452245927879886 -0.08445385879175198 0.20925592517047542 0.7567472483186197 0.36015538107317263 0.7170225141035519 0.7910586935512954 0.8434669955519799 1.0040255028349883 1.0528226001604482 1.1805162837874281 1.583930254930803
148 1480 -0.26452245927879886 -0.08445385879175198 0.20925592517047542 0.7567472483186197 0.36015538107317263 0.7170225141035519 0.7910586935512954 0.8434669955519799 1.0040255028349883 1.0528226001604482 1.1805162837874281 1.583930254930803
149 1490 -0.26452245927879886 -0.08445385879175198 0.20925592517047542 0.7567472483186197 0.36015538107317263 0.7170225141035519 0.7910586935512954 0.8434669955519799 1.0040255028349883 1.0528226001604482 1.1805162837874281 1.583930254930803
150 1500 -0.26452245927879886 -0.08445385879175198 0.20925592517047542 0.7567472483186197 0.36015538107317263 0.7170225141035519 0.7910586935512954 0.8434669955519799 1.0040255028349883 1.0528226001604482 1.1805162837874281 1.583930254930803
151 1510 -0.26452245927879886 -0.08445385879175198 0.20925592517047542 0.7567472483186197 0.36015538107317263 0.7170225141035519 0.7910586935512954 0.8434669955519799 1.0040255028349883 1.0528226001604482 1.1805162837874281 1.583930254930803
152 1520 -0.26452245927879886 -0.08445385879175198 0.20925592517047542 0.7567472483186197 0.36015538107317263 0.7170225141035519 0.7910586935512954 0.8434669955519799 1.0040255028349883 1.0528226001604482 1.1805162837874281 1.583930254930803
153 1530 -0.3612410766339504 -0.09460702828851353 0.22280273084879215 0.705761749141093 0.36913045329642163 0.6668776135155663 0.8099420759044822 0.9069851379426568 0.9398915439255376 1.0888991181321968 1.1978592131877972 1.5609050745772293
154 1540 -0.3612410766339504 -0.09460702828851353 0.22280273084879215 0.705761749141093 0.36913045329642163 0.6668776135155663 0.8099420759044822 0.9069851379426568 0.9398915439255376 1.0888991181321968 1.1978592131877972 1.5609050745772293
155 1550 -0.3612410766339504 -0.09460702828851353 0.22280273084879215 0.705761749141093 0.36913045329642163 0.6668776135155663 0.8099420759044822 0.9069851379426568 0.9398915439255376 1.0888991181321968 1.1978592131877972 1.5609050745772293
156 1560 -0.3612410766339504 -0.09460702828851353 0.22280273084879215 0.705761749141093 0.36913045329642163 0.6668776135155663 0.8099420759044822 0.9069851379426568 0.9398915439255376 1.0888991181321968 1.1978592131877972 1.5609050745772293
157 1570 -0.3612410766339504 -0.09460702828851353 0.22280273084879215 0.705761749141093 0.36913045329642163 0.6668776135155663 0.8099420759044822 0.9069851379426568 0.9398915439255376 1.0888991181321968 1.1978592131877972 1.5609050745772293
158 1580 -0.3612410766339504 -0.09460702828851353 0.22280273084879215 0.705761749141093 0.36913045329642163 0.6668776135155663 0.8099420759044822 0.9069851379426568 0.9398915439255376 1.0888991181321968 1.1978592131877972 1.5609050745772293
159 1590 -0.3612410766339504 -0.09460702828851353 0.22280273084879215 0.705761749141093 0.36913045329642163 0.6668776135155663 0.8099420759044822 0.9069851379426568 0.9398915439255376 1.0888991181321968 1.1978592131877972 1.5609050745772293
160 1600 -0.3612410766339504 -0.09460702828851353 0.22280273084879215 0.705761749141093 0.36913045329642163 0.6668776135155663 0.8099420759044822 0.9069851379426568 0.9398915439255376 1.0888991181321968 1.1978592131877972 1.5609050745772293
161 1610 -0.41855657706900934 -0.0882647400703499 0.23402244441648293 0.673646709878107 0.3737771374537744 0.6532837654178674 0.7721411940300873 0.9200287629820654 0.9503406084516333 1.1310905915470015 1.1481526481996764 1.5780013698344821
162 1620 -0.41855657706900934 -0.0882647400703499 0.23402244441648293 0.673646709878107 0.3737771374537744 0.6532837654178674 0.7721411940300873 0.9200287629820654 0.9503406084516333 1.1310905915470015 1.1481526481996764 1.5780013698344821
163 1630 -0.41855657706900934 -0.0882647400703499 0.23402244441648293 0.673646709878107 0.3737771374537744 0.6532837654178674 0.7721411940300873 0.9200287629820654 0.9503406084516333 1.1310905915470015 1.1481526481996764 1.5780013698344821
164 1640 -0.41855657706900934 -0.0882647400703499 0.23402244441648293 0.673646709878107 0.3737771374537744 0.6532837654178674 0.7721411940300873 0.9200287629820654 0.9503406084516333 1.1310905915470015 1.1481526481996764 1.5780013698344821
165 1650 -0.41855657706900934 -0.0882647400703499 0.23402244441648293 0.673646709878107 0.3737771374537744 0.6532837654178674 0.7721411940300873 0.9200287629820654 0.9503406084516333 1.1310905915470015 1.1481526481996764 1.5780013698344821
166 1660 -0.41855657706900934 -0.0882647400703499 0.23402244441648293 0.673646709878107 0.3737771374537744 0.6532837654178674 0.7721411940300873 0.9200287629820654 0.9503406084516333 1.1310905915470015 1.1481526481996764 1.5780013698344821
167 1670 -0.41855657706900934 -0.0882647400703499 0.23402244441648293 0.673646709878107 0.3737771374537744 0.6532837654178674 0.7721411940300873 0.9200287629820654 0.9503406084516333 1.1310905915470015 1.1481526481996764 1.5780013698344821
168 1680 -0.41855657706900934 -0.0882647400703499 0.23402244441648293 0.673646709878107 0.3737771374537744 0.6532837654178674 0.7721411940300873 0.9200287629820654 0.9503406084516333 1.1310905915470015 1.1481526481996764 1.5780013698344821
169 1690 -0.47902189846594534 -0.14310595601971876 0.26579291999568977 0.6283464933172798 0.3798016997875459 0.6046281661972976 0.6782029713497375 0.901441362242962 0.9377881163686971 1.1447315359356431 1.230635652771874 1.5853386701674006
170 1700 -0.47902189846594534 -0.14310595601971876 0.26579291999568977 0.6283464933172798 0.3798016997875459 0.6046281661972976 0.6782029713497375 0.901441362242962 0.9377881163686971 1.1447315359356431 1.230635652771874 1.5853386701674006
171 1710 -0.47902189846594534 -0.14310595601971876 0.26579291999568977 0.6283464933172798 0.3798016997875459 0.6046281661972976 0.6782029713497375 0.901441362242962 0.9377881163686971 1.1447315359356431 1.230635652771874 1.5853386701674006
172 1720 -0.47902189846594534 -0.14310595601971876 0.26579291999568977 0.6283464933172798 0.3798016997875459 0.6046281661972976 0.6782029713497375 0.901441362242962 0.9377881163686971 1.1447315359356431 1.230635652771874 1.5853386701674006
173 1730 -0.47902189846594534 -0.14310595601971876 0.26579291999568977 0.6283464933172798 0.3798016997875459 0.6046281661972976 0.6782029713497375 0.901441362242962 0.9377881163686971 1.1447315359356431 1.230635652771874 1.5853386701674006
174 1740 -0.47902189846594534 -0.14310595601971876 0.26579291999568977 0.6283464933172798 0.3798016997875459 0.6046281661972976 0.6782029713497375 0.901441362242962 0.9377881163686971 1.1447315359356431 1.230635652771874 1.5853386701674006
175 1750 -0.47902189846594534 -0.14310595601971876 0.26579291999568977 0.6283464933172798 0.3798016997875459 0.6046281661972976 0.6782029713497375 0.901441362242962 0.9377881163686971 1.1447315359356431 1.230635652771874 1.5853386701674006
176 1760 -0.47902189846594534 -0.14310595601971876 0.26579291999568977 0.6283464933172798 0.3798016997875459 0.6046281661972976 0.6782029713497375 0.901441362242962 0.9377881163686971 1.1447315359356431 1.230635652771874 1.5853386701674006
177 1770 -0.5262478610833787 -0.14429580083683846 0.24896947977603454 0.6104711832507099 0.37175271947784444 0.6146266072661738 0.7004911908772088 0.8920308739519958 0.9180246593962892 1.1362844160025958 1.2622086184786903 1.5717967154658559
178 1780 -0.5262478610833787 -0.14429580083683846 0.24896947977603454 0.6104711832507099 0.37175271947784444 0.6146266072661738 0.7004911908772088 0.8920308739519958 0.9180246593962892 1.1362844160025958 1.2622086184786903 1.5717967154658559
179 1790 -0.5262478610833787 -0.14429580083683846 0.24896947977603454 0.6104711832507099 0.37175271947784444 0.6146266072661738 0.7004911908772088 0.8920308739519958 0.9180246593962892 1.1362844160025958 1.2622086184786903 1.5717967154658559
180 1800 -0.5262478610833787 -0.14429580083683846 0.24896947977603454 0.6104711832507099 0.37175271947784444 0.6146266072661738 0.7004911908772088 0.8920308739519958 0.9180246593962892 1.1362844160025958 1.2622086184786903 1.5717967154658559
181 1810 -0.5262478610833787 -0.14429580083683846 0.24896947977603454 0.6104711832507099 0.37175271947784444 0.6146266072661738 0.7004911908772088 0.8920308739519958 0.9180246593962892 1.1362844160025958 1.2622086184786903 1.5717967154658559
182 1820 -0.5262478610833787 -0.14429580083683846 0.24896947977603454 0.6104711832507099 0.37175271947784444 0.6146266072661738 0.7004911908772088 0.8920308739519958 0.9180246593962892 1.1362844160025958 1.2622086184786903 1.5717967154658559
183 1830 -0.5262478610833787 -0.14429580083683846 0.24896947977603454 0.6104711832507099 0.37175271947784444 0.6146266072661738 0.7004911908772088 0.8920308739519958 0.9180246593962892 1.1362844160025958 1.2622086184786903 1.5717967154658559
184 1840 -0.5262478610833787 -0.14429580083683846 0.24896947977603454 0.6104711832507099 0.37175271947784444 0.6146266072661738 0.7004911908772088 0.8920308739519958 0.9180246593962892 1.1362844160025958 1.2622086184786903 1.5717967154658559
185 1850 -0.49053539059081214 -0.11467761820138703 0.22246825176293988 0.6124583046973118 0.36714400412190856 0.6740996943841969 0.6871402879360412 0.9217928099128794 0.9990616812683853 1.082052654208278 1.287296267642319 1.5042729979670317
186 1860 -0.49053539059081214 -0.11467761820138703 0.22246825176293988 0.6124583046973118 0.36714400412190856 0.6740996943841969 0.6871402879360412 0.9217928099128794 0.9990616812683853 1.082052654208278 1.287296267642319 1.5042729979670317
187 1870 -0.49053539059081214 -0.11467761820138703 0.22246825176293988 0.6124583046973118 0.36714400412190856 0.6740996943841969 0.6871402879360412 0.9217928099128794 0.9990616812683853 1.082052654208278 1.287296267642319 1.5042729979670317
188 1880 -0.49053539059081214 -0.11467761820138703 0.22246825176293988 0.6124583046973118 0.36714400412190856 0.6740996943841969 0.6871402879360412 0.9217928099128794 0.9990616812683853 1.082052654208278 1.287296267642319 1.5042729979670317
189 1890 -0.49053539059081214 -0.11467761820138703 0.22246825176293988 0.6124583046973118 0.36714400412190856 0.6740996943841969 0.6871402879360412 0.9217928099128794 0.9990616812683853 1.082052654208278 1.287296267642319 1.5042729979670317
190 1900 -0.49053539059081214 -0.11467761820138703 0.22246825176293988 0.6124583046973118 0.36714400412190856 0.6740996943841969 0.6871402879360412 0.9217928099128794 0.9990616812683853 1.082052654208278 1.287296267642319 1.5042729979670317
191 1910 -0.49053539059081214 -0.11467761820138703 0.22246825176293988 0.6124583046973118 0.36714400412190856 0.6740996943841969 0.6871402879360412 0.9217928099128794 0.9990616812683853 1.082052654208278 1.287296267642319 1.5042729979670317
192 1920 -0.49053539059081214 -0.11467761820138703 0.22246825176293988 0.6124583046973118 0.36714400412190856 0.6740996943841969 0.6871402879360412 0.9217928099128794 0.9990616812683853 1.082052654208278 1.287296267642319 1.5042729979670317
193 1930 -0.42634963209650095 -0.1414531561551265 0.1443425287542528 0.5841835330507028 0.40871076132454415 0.6289546841605423 0.7279332426415276 0.9415677923846388 1.0030969017979279 1.095057661806203 1.3248094422140297 1.4354302735398927
194 1940 -0.42634963209650095 -0.1414531561551265 0.1443425287542528 0.5841835330507028 0.40871076132454415 0.6289546841605423 0.7279332426415276 0.9415677923846388 1.0030969017979279 1.095057661806203 1.3248094422140297 1.4354302735398927
195 1950 -0.42634963209650095 -0.1414531561551265 0.1443425287542528 0.5841835330507028 0.40871076132454415 0.6289546841605423 0.7279332426415276 0.9415677923846388 1.0030969017979279 1.095057661806203 1.3248094422140297 1.4354302735398927
196 1960 -0.42634963209650095 -0.1414531561551265 0.1443425287542528 0.5841835330507028 0.40871076132454415 0.6289546841605423 0.7279332426415276 0.9415677923846388 1.0030969017979279 1.095057661806203 1.3248094422140297 1.4354302735398927
197 1970 -0.42634963209650095 -0.1414531561551265 0.1443425287542528 0.5841835330507028 0.40871076132454415 0.6289546841605423 0.7279332426415276 0.9415677923846388 1.0030969017979279 1.095057661806203 1.3248094422140297 1.4354302735398927
198 1980 -0.42634963209650095 -0.1414531561551265 0.1443425287542528 0.5841835330507028 0.40871076132454415 0.6289546841605423 0.7279332426415276 0.9415677923846388 1.0030969017979279 1.095057661806203 1.3248094422140297 1.4354302735398927
199 1990 -0.42634963209650095 -0.1414531561551265 0.1443425287542528 0.5841835330507028 0.40871076132454415 0.6289546841605423 0.7279332426415276 0.9415677923846388 1.0030969017979279 1.095057661806203 1.3248094422140297 1.4354302735398927
200 2000 -0.42634963209650095 -0.1414531561551265 0.1443425287542528 0.5841835330507028 0.40871076132454415 0.6289546841605423 0.7279332426415276 0.9415677923846388 1.0030969017979279 1.095057661806203 1.3248094422140297 1.4354302735398927
201 2010 -0.5141872422310189 -0.14957683823065718 0.1532979095936715 0.5316981112666512 0.44812253582766237 0.6074922528111798 0.7585223428172441 0.871150123538767 0.9495912434710715 1.1399786643932412 1.3252305103729591 1.4623166150978066
202 2020 -0.5141872422310189 -0.14957683823065718 0.1532979095936715 0.5316981112666512 0.44812253582766237 0.6074922528111798 0.7585223428172441 0.871150123538767 0.9495912434710715 1.1399786643932412 1.3252305103729591 1.4623166150978066
203 2030 -0.5141872422310189 -0.14957683823065718 0.1532979095936715 0.5316981112666512 0.44812253582766237 0.6074922528111798 0.7585223428172441 0.871150123538767 0.9495912434710715 1.1399786643932412 1.3252305103729591 1.4623166150978066
204 2040 -0.5141872422310189 -0.14957683823065718 0.1532979095936715 0.5316981112666512 0.44812253582766237 0.6074922528111798 0.7585223428172441 0.871150123538767 0.9495912434710715 1.1399786643932412 1.3252305103729591 1.4623166150978066
205 2050 -0.5141872422310189 -0.14957683823065718 0.1532979095936715 0.5316981112666512 0.44812253582766237 0.6074922528111798 0.7585223428172441 0.871150123538767 0.9495912434710715 1.1399786643932412 1.3252305103729591 1.4623166150978066
206 2060 -0.5141872422310189 -0.14957683823065718 0.1532979095936715 0.5316981112666512 0.44812253582766237 0.6074922528111798 0.7585223428172441 0.871150123538767 0.9495912434710715 1.1399786643932412 1.3252305103729591 1.4623166150978066
207 2070 -0.5141872422310189 -0.14957683823065718 0.1532979095936715 0.5316981112666512 0.44812253582766237 0.6074922528111798 0.7585223428172441 0.871150123538767 0.9495912434710715 1.1399786643932412 1.3252305103729591 1.4623166150978066
208 2080 -0.5141872422310189 -0.14957683823065718 0.1532979095936715 0.5316981112666512 0.44812253582766237 0.6074922528111798 0.7585223428172441 0.871150123538767 0.9495912434710715 1.1399786643932412 1.3252305103729591 1.4623166150978066
209 2090 -0.43435577902043254 -0.10756420077305447 0.17518147532594178 0.6106329018259636 0.41306056411342973 0.588932078720327 0.8055896359955936 0.8646111443811803 1.0173453316534862 1.129351827158321 1.342777601282205 1.4044693391344034
210 2100 -0.43435577902043254 -0.10756420077305447 0.17518147532594178 0.6106329018259636 0.41306056411342973 0.588932078720327 0.8055896359955936 0.8646111443811803 1.0173453316534862 1.129351827158321 1.342777601282205 1.4044693391344034
211 2110 -0.43435577902043254 -0.10756420077305447 0.17518147532594178 0.6106329018259636 0.41306056411342973 0.588932078720327 0.8055896359955936 0.8646111443811803 1.0173453316534862 1.129351827158321 1.342777601282205 1.4044693391344034
212 2120 -0.43435577902043254 -0.10756420077305447 0.17518147532594178 0.6106329018259636 0.41306056411342973 0.588932078720327 0.8055896359955936 0.8646111443811803 1.0173453316534862 1.129351827158321 1.342777601282205 1.4044693391344034
213 2130 -0.43435577902043254 -0.10756420077305447 0.17518147532594178 0.6106329018259636 0.41306056411342973 0.588932078720327 0.8055896359955936 0.8646111443811803 1.0173453316534862 1.129351827158321 1.342777601282205 1.4044693391344034
214 2140 -0.43435577902043254 -0.10756420077305447 0.17518147532594178 0.6106329018259636 0.41306056411342973 0.588932078720327 0.8055896359955936 0.8646111443811803 1.0173453316534862 1.129351827158321 1.342777601282205 1.4044693391344034
215 2150 -0.43435577902043254 -0.10756420077305447 0.17518147532594178 0.6106329018259636 0.41306056411342973 0.588932078720327 0.8055896359955936 0.8646111443811803 1.0173453316534862 1.129351827158321 1.342777601282205 1.4044693391344034
216 2160 -0.43435577902043254 -0.10756420077305447 0.17518147532594178 0.6106329018259636 0.41306056411342973 0.588932078720327 0.8055896359955936 0.8646111443811803 1.0173453316534862 1.129351827158321 1.342777601282205 1.4044693391344034
217 2170 -0.5908018046741372 -0.04419926751676086 0.167362577027516 0.5846221273906744 0.40388871657620434 0.5775249565974728 0.7725231307364335 0.9564485109055842 0.9921237749552174 1.0422948731415056 1.3397474675063523 1.4581294947620527
218 2180 -0.5908018046741372 -0.04419926751676086 0.167362577027516 0.5846221273906744 0.40388871657620434 0.5775249565974728 0.7725231307364335 0.9564485109055842 0.9921237749552174 1.0422948731415056 1.3397474675063523 1.4581294947620527
219 2190 -0.5908018046741372 -0.04419926751676086 0.167362577027516 0.5846221273906744 0.40388871657620434 0.5775249565974728 0.7725231307364335 0.9564485109055842 0.9921237749552174 1.0422948731415056 1.3397474675063523 1.4581294947620527
220 2200 -0.5908018046741372 -0.04419926751676086 0.167362577027516 0.5846221273906744 0.40388871657620434 0.5775249565974728 0.7725231307364335 0.9564485109055842 0.9921237749552174 1.0422948731415056 1.3397474675063523 1.4581294947620527
221 2210 -0.5908018046741372 -0.04419926751676086 0.167362577027516 0.5846221273906744 0.40388871657620434 0.5775249565974728 0.7725231307364335 0.9564485109055842 0.9921237749552174 1.0422948731415056 1.3397474675063523 1.4581294947620527
222 2220 -0.5908018046741372 -0.04419926751676086 0.167362577027516 0.5846221273906744 0.40388871657620434 0.5775249565974728 0.7725231307364335 0.9564485109055842 0.9921237749552174 1.0422948731415056 1.3397474675063523 1.4581294947620527
223 2230 -0.5908018046741372 -0.04419926751676086 0.167362577027516 0.5846221273906744 0.40388871657620434 0.5775249565974728 0.7725231307364335 0.9564485109055842 0.9921237749552174 1.0422948731415056 1.3397474675063523 1.4581294947620527
224 2240 -0.5908018046741372 -0.04419926751676086 0.167362577027516 0.5846221273906744 0.40388871657620434 0.5775249565974728 0.7725231307364335 0.9564485109055842 0.9921237749552174 1.0422948731415056 1.3397474675063523 1.4581294947620527
225 2250 -0.5765426310864729 -0.0680032449213287 0.22203482414979836 0.5997759964028659 0.4006586265224661 0.5753198504722713 0.743506436202176 0.9391617377584742 0.9768900587980894 1.055431856291146 1.3216648081647746 1.502865492620075
226 2260 -0.5765426310864729 -0.0680032449213287 0.22203482414979836 0.5997759964028659 0.4006586265224661 0.5753198504722713 0.743506436202176 0.9391617377584742 0.9768900587980894 1.055431856291146 1.3216648081647746 1.502865492620075
227 2270 -0.5765426310864729 -0.0680032449213287 0.22203482414979836 0.5997759964028659 0.4006586265224661 0.5753198504722713 0.743506436202176 0.9391617377584742 0.9768900587980894 1.055431856291146 1.3216648081647746 1.502865492620075
228 2280 -0.5765426310864729 -0.0680032449213287 0.22203482414979836 0.5997759964028659 0.4006586265224661 0.5753198504722713 0.743506436202176 0.9391617377584742 0.9768900587980894 1.055431856291146 1.3216648081647746 1.502865492620075
229 2290 -0.5765426310864729 -0.0680032449213287 0.22203482414979836 0.5997759964028659 0.4006586265224661 0.5753198504722713 0.743506436202176 0.9391617377584742 0.9768900587980894 1.055431856291146 1.3216648081647746 1.502865492620075
230 2300 -0.5765426310864729 -0.0680032449213287 0.22203482414979836 0.5997759964028659 0.4006586265224661 0.5753198504722713 0.743506436202176 0.9391617377584742 0.9768900587980894 1.055431856291146 1.3216648081647746 1.502865492620075
231 2310 -0.5765426310864729 -0.0680032449213287 0.22203482414979836 0.5997759964028659 0.4006586265224661 0.5753198504722713 0.743506436202176 0.9391617377584742 0.9768900587980894 1.055431856291146 1.3216648081647746 1.502865492620075
232 2320 -0.5765426310864729 -0.0680032449213287 0.22203482414979836 0.5997759964028659 0.4006586265224661 0.5753198504722713 0.743506436202176 0.9391617377584742 0.9768900587980894 1.055431856291146 1.3216648081647746 1.502865492620075
233 2330 -0.48682666653099704 -0.06728707704708872 0.23107093348022784 0.5971272741172062 0.4419084203823828 0.652544518234124 0.7232639627420818 0.9388795187308308 0.97602442416917 1.0581518446115359 1.265988535020794 1.5163314662666851
234 2340 -0.48682666653099704 -0.06728707704708872 0.23107093348022784 0.5971272741172062 0.4419084203823828 0.652544518234124 0.7232639627420818 0.9388795187308308 0.97602442416917 1.0581518446115359 1.265988535020794 1.5163314662666851
235 2350 -0.48682666653099704 -0.06728707704708872 0.23107093348022784 0.5971272741172062 0.4419084203823828 0.652544518234124 0.7232639627420818 0.9388795187308308 0.97602442416917 1.0581518446115359 1.265988535020794 1.5163314662666851
236 2360 -0.48682666653099704 -0.06728707704708872 0.23107093348022784 0.5971272741172062 0.4419084203823828 0.652544518234124 0.7232639627420818 0.9388795187308308 0.97602442416917 1.0581518446115359 1.265988535020794 1.5163314662666851
237 2370 -0.48682666653099704 -0.06728707704708872 0.23107093348022784 0.5971272741172062 0.4419084203823828 0.652544518234124 0.7232639627420818 0.9388795187308308 0.97602442416917 1.0581518446115359 1.265988535020794 1.5163314662666851
238 2380 -0.48682666653099704 -0.06728707704708872 0.23107093348022784 0.5971272741172062 0.4419084203823828 0.652544518234124 0.7232639627420818 0.9388795187308308 0.97602442416917 1.0581518446115359 1.265988535020794 1.5163314662666851
239 2390 -0.48682666653099704 -0.06728707704708872 0.23107093348022784 0.5971272741172062 0.4419084203823828 0.652544518234124 0.7232639627420818 0.9388795187308308 0.97602442416917 1.0581518446115359 1.265988535020794 1.5163314662666851
240 2400 -0.48682666653099704 -0.06728707704708872 0.23107093348022784 0.5971272741172062 0.4419084203823828 0.652544518234124 0.7232639627420818 0.9388795187308308 0.97602442416917 1.0581518446115359 1.265988535020794 1.5163314662666851
241 2410 -0.3283158554014924 -0.11872220046843529 0.22085543403037858 0.5663988204617704 0.4660144634011057 0.6433630531774681 0.6995594792825783 0.9152680850545978 0.978198092160732 1.1259275968666416 1.3215510839004967 1.4390043922386613
242 2420 -0.3283158554014924 -0.11872220046843529 0.22085543403037858 0.5663988204617704 0.4660144634011057 0.6433630531774681 0.6995594792825783 0.9152680850545978 0.978198092160732 1.1259275968666416 1.3215510839004967 1.4390043922386613
243 2430 -0.3283158554014924 -0.11872220046843529 0.22085543403037858 0.5663988204617704 0.4660144634011057 0.6433630531774681 0.6995594792825783 0.9152680850545978 0.978198092160732 1.1259275968666416 1.3215510839004967 1.4390043922386613
244 2440 -0.3283158554014924 -0.11872220046843529 0.22085543403037858 0.5663988204617704 0.4660144634011057 0.6433630531774681 0.6995594792825783 0.9152680850545978 0.978198092160732 1.1259275968666416 1.3215510839004967 1.4390043922386613
245 2450 -0.3283158554014924 -0.11872220046843529 0.22085543403037858 0.5663988204617704 0.4660144634011057 0.6433630531774681 0.6995594792825783 0.9152680850545978 0.978198092160732 1.1259275968666416 1.3215510839004967 1.4390043922386613
246 2460 -0.3283158554014924 -0.11872220046843529 0.22085543403037858 0.5663988204617704 0.4660144634011057 0.6433630531774681 0.6995594792825783 0.9152680850545978 0.978198092160732 1.1259275968666416 1.3215510839004967 1.4390043922386613
247 2470 -0.3283158554014924 -0.11872220046843529 0.22085543403037858 0.5663988204617704 0.4660144634011057 0.6433630531774681 0.6995594792825783 0.9152680850545978 0.978198092160732 1.1259275968666416 1.3215510839004967 1.4390043922386613
248 2480 -0.3283158554014924 -0.11872220046843529 0.22085543403037858 0.5663988204617704 0.4660144634011057 0.6433630531774681 0.6995594792825783 0.9152680850545978 0.978198092160732 1.1259275968666416 1.3215510839004967 1.4390043922386613
249 2490 -0.3176796922088321 -0.06966085305935221 0.21109846221783457 0.5874903821197954 0.43811890159665945 0.7008477915378453 0.761967890611523 0.8848853126740762 1.0035786512179017 1.0664878518424368 1.3062168598915667 1.4499924778695128
