% # columns="iteration, evaluation, sigma, void, void,  stds==sigma*sqrt(diag(C))", seed=687475, Wed Nov 10 11:22:12 2021, <python>{}</python>
1 10 0.4076269071206498 0 0 0.4027906728704214 0.40048338741146466 0.3839894288297497 0.4092103920918422 0.4093687237822437 0.39902308153520283 0.38640102697375106 0.39499100760305267
2 20 0.38933713035873996 0 0 0.38913103484030903 0.3790986873647439 0.35041620664146966 0.39008456722896356 0.4084954338188255 0.38266067547130517 0.3404663711769687 0.38530714287706436
3 30 0.42679217194600666 0 0 0.42636356236510187 0.4196837103805541 0.3584785988638227 0.42124016426773764 0.4694044617998038 0.4408512021223478 0.359406995842059 0.45594297024256114
4 40 0.4391982874439534 0 0 0.43206830956728687 0.4217053705164733 0.3492473801016518 0.42354448668977557 0.48528185991289596 0.4746825067247695 0.35778214406818915 0.48257017979437844
5 50 0.4235219571851786 0 0 0.40963168851450477 0.41288845084031467 0.32586184446582206 0.4068210462010075 0.4710306213629785 0.4606083335714885 0.3221366231993823 0.458266915347756
6 60 0.38149807525960955 0 0 0.3660469347679767 0.36881512472254174 0.2856377639631629 0.35427171675029495 0.4151689495771938 0.4171174195861726 0.2691196715166399 0.41108378826205455
7 70 0.3378805209597285 0 0 0.3184746143928839 0.3257871159588026 0.244198390904867 0.3087448598814476 0.35982183952058405 0.3613097961711092 0.23682272250588893 0.3514204515194382
8 80 0.3210353937312465 0 0 0.3141061565537849 0.322611690599525 0.21900826810696694 0.29169660962515415 0.3344000535832445 0.3218249601240608 0.2230865581075474 0.33486754104303007
9 90 0.299866672159226 0 0 0.2937892546435484 0.2972087161581484 0.20353817982947586 0.2635583016245781 0.3107927909927208 0.29259319001328143 0.21194668045393814 0.3187902319973951
10 100 0.28054901713247127 0 0 0.2673248972856917 0.27284537160919675 0.1880961437808584 0.24569721898608884 0.29220328761665515 0.27108929964308626 0.20328419535343892 0.2940312336182056
11 110 0.2857060243766252 0 0 0.2722551553607283 0.27699417598938153 0.18683235564737977 0.2719373916554661 0.2983675455393242 0.26256501643038427 0.20968555873037298 0.3003855560963842
12 120 0.3123782118982132 0 0 0.326267954786808 0.29897003482479345 0.19342748244557992 0.3113388481274812 0.3187968332091584 0.2885153658648927 0.22693498430132972 0.33329956105975234
13 130 0.30592318032544347 0 0 0.32450285178452276 0.28764728737648876 0.17450663440425573 0.315562948910176 0.3100852115642902 0.2789099061452377 0.215571700029463 0.3146015322795438
14 140 0.3102195778874928 0 0 0.34773190172443313 0.2892013944379249 0.16715044627767442 0.328627040394686 0.3141154516065528 0.28252163711438394 0.2162707469712381 0.3160863318305457
15 150 0.3035986135722517 0 0 0.339873301328665 0.2873212222556905 0.16070928348639146 0.3163575691968673 0.3137767399706704 0.2648546940369498 0.20812555483935355 0.318018906442116
16 160 0.3027974795137418 0 0 0.33136734996086814 0.286360027107477 0.15824983047235058 0.3162856143698348 0.3201974304820514 0.257972208144185 0.20916076274302095 0.3186610792635753
17 170 0.31496103760834737 0 0 0.341618517063289 0.2998134242994376 0.16760220741673176 0.33198656027026796 0.3304538418688565 0.2664982088577305 0.20720830931811654 0.33291461307995057
18 180 0.3066143729703 0 0 0.3269658190914883 0.2892153464879098 0.164351587359004 0.32112519685511315 0.3344717950419994 0.2508500548803478 0.19413699951781915 0.325839727349975
19 190 0.2874146250241387 0 0 0.30464809152559374 0.2686243344699681 0.1507591041447593 0.28899687266736757 0.31207208279049564 0.23729984568421536 0.18264777032036283 0.30524693948939224
20 200 0.2715817880866178 0 0 0.2866541687759247 0.2529096609228027 0.14191295065666848 0.26552851693174895 0.2935650454062967 0.23435370105297193 0.16829318497895748 0.261481667736749
21 210 0.285012049086873 0 0 0.2944758527663152 0.2586603519637529 0.14876195791658858 0.2616283672467489 0.30791663262075836 0.2724951757941479 0.17478332002008884 0.26976954267409387
22 220 0.2945984126788341 0 0 0.3098602130006115 0.26218920070520085 0.14554046238163632 0.28409928514372956 0.314580344801541 0.2989590225784932 0.1770810935765874 0.27116896640538
23 230 0.28527725491620215 0 0 0.31100631850936417 0.24803320280434113 0.13739086344033558 0.2747161154534281 0.3104337397991374 0.29493484355380073 0.17466277543899728 0.26048704404127776
24 240 0.2540447852427918 0 0 0.27521391319010735 0.21785606341719707 0.11750703303205022 0.2458848186028937 0.2643980475777783 0.26334301470244476 0.15460874921858356 0.21977037795265528
25 250 0.2312417145922155 0 0 0.24673972038134637 0.19538315682447382 0.10020189748654386 0.22164966535651864 0.24263948925631773 0.23722087020589777 0.14142076175286367 0.1979313828628635
26 260 0.2183763888355167 0 0 0.22689924727403948 0.18614332596362682 0.09446496843318608 0.2101848871399995 0.2304379073096587 0.22123789712566289 0.12547978273299845 0.17945197302019095
27 270 0.20656376265744836 0 0 0.2073020556429745 0.17513673226407386 0.08694575889171254 0.1931074272717134 0.21662561539352843 0.21045025667919648 0.11829832891355618 0.16715002206862278
28 280 0.2075816235125115 0 0 0.21647911989176136 0.17445834769592208 0.08506295556621923 0.20351236014117624 0.21170614421461836 0.21165957360965093 0.11331283014833779 0.16711052889143102
29 290 0.19497340517232467 0 0 0.2023514350547584 0.16230878403986304 0.07665608091967864 0.18830659814732834 0.20069033763139782 0.19797270689555427 0.10641104982800714 0.1519343571086241
30 300 0.19686955733512124 0 0 0.1995810170970879 0.1759854869279036 0.07589570519121781 0.1828989786495695 0.20175663485889517 0.1956141743676155 0.10702670430641043 0.1500097663169501
31 310 0.18770321051807423 0 0 0.1919423039045956 0.16553103544295658 0.07059804745606299 0.1778741494958467 0.18926006381346466 0.19160561967454967 0.09979061070875875 0.1425657576080386
32 320 0.17102838183489408 0 0 0.16760418010812478 0.15320277224272774 0.06318268306615697 0.16097918822627724 0.17664631162988054 0.17076813688061485 0.08777796699125895 0.12614294716373384
33 330 0.16048325962698892 0 0 0.1556652209356993 0.1429465003372779 0.057073506542240575 0.14684211186593507 0.1676267500660153 0.15819543955904722 0.08010158126783591 0.11890013364237137
34 340 0.16016899864555995 0 0 0.1577444504339984 0.14219881197509007 0.05407764860334807 0.14591660154622854 0.17218659211050544 0.15875092601209098 0.07568337329282997 0.11706593146038131
35 350 0.16201797465652265 0 0 0.16187081100440107 0.13980600544251512 0.053120149443253696 0.1509839555023371 0.1674096313349946 0.1622359869851931 0.07425592762552893 0.11751861782352921
36 360 0.154055601098754 0 0 0.15407871196469186 0.13186313543186684 0.046861394048482656 0.14838408601233732 0.16513160969750326 0.15598877020217455 0.06945828291656504 0.11200790103763257
37 370 0.14585377085905635 0 0 0.1457774362243928 0.12362265805776691 0.043376050605978156 0.1398576909035023 0.15754547709946107 0.144904185777818 0.0628376961397849 0.1018849969677857
38 380 0.14733192053817593 0 0 0.14275643374531763 0.12520630611582154 0.04345343235916724 0.13764433955198757 0.16088694648277338 0.15483696424785073 0.06107505710643463 0.09871729265786716
39 390 0.13892546623764432 0 0 0.13583798703480898 0.11710060729107558 0.040211705105499956 0.12318204903140431 0.1556468655105417 0.1430226525415494 0.05534517250465085 0.09312428149461159
40 400 0.13349307652047193 0 0 0.13690703954308256 0.11193053969217913 0.037806292310735706 0.12624869354075216 0.15062101965027214 0.13449210646828844 0.05110368703795618 0.08804403804112576
41 410 0.12977567193046993 0 0 0.13560760698257063 0.1079779432969031 0.0351665458015572 0.12215095875400722 0.15177957147742238 0.13319070298928154 0.04849348094535235 0.08487669214344583
42 420 0.13416667670233445 0 0 0.14310358730355388 0.11392118616093679 0.035139911755998565 0.123035841440824 0.15559469550676153 0.1457238123439826 0.04666600506908785 0.08645662600517802
43 430 0.15456210159436706 0 0 0.17177793242872452 0.12959906355801126 0.0394371452563914 0.15156078470777257 0.1945235690930207 0.1781103227932667 0.05083616125174821 0.09574208754927055
44 440 0.15832118707179682 0 0 0.1785990901519038 0.12995769915514838 0.04058003434633843 0.15301900811502883 0.20349637563936643 0.17927023120811003 0.0500938852536262 0.0943535419497964
45 450 0.15887338181551397 0 0 0.1851635802814706 0.1277809790803906 0.03916729709263575 0.14615477475776512 0.20851856069732747 0.17419601534508372 0.049479168929131435 0.09395688688104663
46 460 0.1659574569297739 0 0 0.19575009663403772 0.13142361577495623 0.0375266248140225 0.15768749484133107 0.21918366620095314 0.1906633830787894 0.052448011615806554 0.0978349470336367
47 470 0.1662578069932477 0 0 0.19092087627133772 0.13092018089581345 0.037125948337908235 0.16279157191277802 0.21506448211302712 0.1909978400991939 0.04920743946752867 0.09830894318609859
48 480 0.1601816798073352 0 0 0.18274176095307526 0.1232912106638549 0.034882889188374684 0.15831279117640776 0.2104785265075505 0.1967193765054369 0.04590262099956328 0.09461848648149469
49 490 0.18139950249608197 0 0 0.195131705341147 0.13901215749739795 0.03828971464160362 0.1696029251381098 0.25297331037814436 0.24924273700475305 0.05211287405777831 0.10319410143290578
50 500 0.18966985683281215 0 0 0.20837435158272308 0.14367221097236219 0.039596380854504454 0.17510979856963607 0.26710669247756313 0.2707266774779604 0.0522231657753722 0.10446356858916556
51 510 0.20824974952046907 0 0 0.2213135753026413 0.15836329639848035 0.04175444850654164 0.19354673488571256 0.30424200970976745 0.3008496869607639 0.05585327961496908 0.11029880113224828
52 520 0.23470732714159834 0 0 0.2469715375300382 0.18023144496058177 0.04561519252265084 0.22282393388104718 0.34831374089158273 0.3598875685554376 0.06147912844727508 0.12499113277483419
53 530 0.2440242728902128 0 0 0.2593410171824435 0.18666537861192034 0.04502222154590717 0.23029691023698373 0.38751906018772575 0.37689120100438794 0.059064458598319845 0.13442194438249197
54 540 0.2544695464200125 0 0 0.2709317025292881 0.18984473601406138 0.046309546919038075 0.23354297357949827 0.42193456573082316 0.4181062841588383 0.0598678260061373 0.1396969540389511
55 550 0.2709095356350825 0 0 0.2781965373212403 0.2060437636887251 0.048922634432219364 0.24660565973713028 0.4791707851743798 0.4899069652878639 0.05895114247899167 0.14724321575569202
56 560 0.3058698008369768 0 0 0.3100025020700178 0.23210214415303662 0.05446810943211179 0.2764339514933364 0.6118347956623004 0.5676995652850899 0.06385963930237179 0.16371531223227476
57 570 0.3555321086367097 0 0 0.3512034044726192 0.27649771036917903 0.060932545293433706 0.32657542556852415 0.7730539119921621 0.6790687793684258 0.07448214234207752 0.1858894647207596
58 580 0.44210980638605096 0 0 0.43941345340590576 0.35422896939384113 0.07503454804986871 0.3967440006188499 0.9982835168207331 0.894031124151827 0.08938259820489688 0.22622768432490384
59 590 0.4893983462910278 0 0 0.4879223852210248 0.3836563288691781 0.07863245581649857 0.4482616794707634 1.1050035688406785 1.0076460603210868 0.0945683447001522 0.2520426717848688
60 600 0.5509693902376889 0 0 0.5405237170757307 0.42953435801202206 0.08858947784414288 0.5250587056024295 1.2990002302122912 1.222505111752627 0.10149656836847144 0.2683506201136355
61 610 0.6358186638396358 0 0 0.618446491367803 0.49047464979946276 0.10102772827686321 0.6193957871256732 1.6392580782732034 1.4481781158877503 0.11346087865795658 0.3010022312933727
62 620 0.6755736211724983 0 0 0.6376481731715338 0.5181529325777777 0.10605490035106341 0.668161669072245 1.7666211758292494 1.5285720752293541 0.12036512983816873 0.325037907035299
63 630 0.6869551258170369 0 0 0.6350123796349363 0.5024344740191031 0.10893606207184255 0.6790134846742493 1.9165811648168363 1.6117463027498353 0.11628937223343776 0.3268154769739481
64 640 0.6853097544566973 0 0 0.6369474436136034 0.49356457930265446 0.10567195806475467 0.682591645556492 1.9876211531305528 1.632259826255744 0.11993711311699572 0.31610312538442475
65 650 0.7487431361365103 0 0 0.7128261704884635 0.5388796669096195 0.10812557567355902 0.7399334844196398 2.2453451183969992 1.8125584495480818 0.13711616892399575 0.3429526408978455
66 660 0.7825364345049285 0 0 0.7402028651896423 0.5730529030034226 0.10680868849038161 0.7735291787988282 2.3972092244402496 1.9246111820619922 0.14974274391616105 0.36026361202571816
67 670 0.842135789426131 0 0 0.8017942304317361 0.6169522066708254 0.11856696928592192 0.9201845333603906 2.7028674080101727 2.18009160144726 0.15271167071935846 0.37165094629713274
68 680 0.7916194622261956 0 0 0.7470560986385629 0.5672824695635961 0.11329657876607933 0.8630940862900672 2.4779302169761626 2.004755552626535 0.1427617684227213 0.3402057194595757
69 690 0.7791935890697633 0 0 0.7519813968772673 0.5465694854361279 0.10807576296414165 0.8520145819626399 2.436078528726374 1.9545188933900381 0.13500336198086355 0.3305707952907226
70 700 0.7351388933420454 0 0 0.7120744331217976 0.5085975014485618 0.1036502263606898 0.7973297705647991 2.2986744587576973 1.7475532590523666 0.12291027130949857 0.3000911564513358
71 710 0.7398600049338045 0 0 0.7244721704954787 0.4986785610832181 0.10312644271311272 0.7924622150258649 2.291254838277992 1.7524541343703748 0.12156684611575494 0.29561029577986964
72 720 0.747229530014619 0 0 0.7348090868364971 0.509409395902028 0.1030552365031073 0.7962663979843176 2.198666816123834 1.760263404799683 0.12480165141711674 0.30321633126353925
73 730 0.7627457797270337 0 0 0.7399662249700145 0.5010729165461896 0.1031475861466973 0.7920017037062776 2.2025215909129443 1.8013216560884142 0.12820610902932783 0.3060504955310399
74 740 0.7538986089655884 0 0 0.7676915314993543 0.49097515448554657 0.09338093222810923 0.8266468676199006 2.1560023744565995 1.8293770917877925 0.1273740866457183 0.307691382125634
75 750 0.7954634195466166 0 0 0.832266146536873 0.51587000255549 0.09461702755244192 0.8932364587712568 2.1986193620614167 1.9170062334679459 0.13496409258720846 0.32002116824180116
76 760 0.773926188813577 0 0 0.8110295745449331 0.48468153737543646 0.09186766722865175 0.8731110836120745 2.0713974752607744 1.8348281429934314 0.1271469873298808 0.3109705197679034
77 770 0.7108931872918633 0 0 0.7347134316491287 0.44846481632677654 0.07915555744916901 0.7915389295407922 1.8291959396943318 1.649310183292955 0.11892461350249003 0.282969474374539
78 780 0.6291050100408657 0 0 0.6309463005336838 0.37662724442364487 0.06837258143204719 0.6621994265650557 1.5994136011067959 1.4073715833421874 0.106558809490197 0.2479891918833192
79 790 0.5647996457070431 0 0 0.5715238859940049 0.33417496252322315 0.05825050983819523 0.5847575754507832 1.3965054080878303 1.277612099507285 0.09508035440963976 0.21613885975294592
80 800 0.5137009706667636 0 0 0.5194414507209282 0.3086084325597686 0.051465149754471674 0.5298813122693501 1.2521548564789884 1.1561686827190056 0.08464898436914806 0.1957059634178683
81 810 0.5006923729468827 0 0 0.5142495052922619 0.2960449830145487 0.0457165963882786 0.5366890020194999 1.2061960289884317 1.1678707776590393 0.08670239886100858 0.18841173525352134
82 820 0.47976616371545755 0 0 0.4806883885169986 0.29105509994419826 0.042291583108567905 0.5117047697913675 1.1650277886470937 1.1435934147877747 0.07999445466851203 0.17720529788241057
83 830 0.4824491374689429 0 0 0.4901718658596761 0.3029191882933131 0.04201632079724907 0.5060104778307292 1.2032936687947455 1.1861243644749218 0.0823732626448627 0.17558907061825982
84 840 0.5587093200362657 0 0 0.5440053469681501 0.3776277086422512 0.04548017129541178 0.5508264418014034 1.4002987341452866 1.4627070871329093 0.09471219473799891 0.20617840874905982
85 850 0.6458244585322973 0 0 0.6105164440848978 0.47220089413886873 0.0500007243226695 0.5990859909893612 1.6246536410383472 1.7946368659684226 0.10726453142886436 0.24075654257130605
86 860 0.6853863445957943 0 0 0.6635880498194269 0.5172531781388925 0.05171150780412662 0.6204869292148861 1.7422773034510246 1.896107036118953 0.11053232092813847 0.254952835963328
87 870 0.6684544078100132 0 0 0.6364391703393023 0.4955891241014902 0.049849418093464735 0.5938237791935658 1.642940069099619 1.7992776139676379 0.10206356809328446 0.2514328590426306
88 880 0.6777887170652266 0 0 0.6012560932998465 0.5144892650464156 0.049733500355607176 0.5822779164967884 1.6464911508089146 1.854070568960971 0.1009143533439225 0.254878303480708
89 890 0.6416685834250323 0 0 0.5693759094859566 0.4903987471097791 0.04704659909169032 0.5459188621958206 1.511608608965452 1.6997040696606935 0.0921902717227991 0.22727422101620914
90 900 0.6413125283008505 0 0 0.5634323836551806 0.49095659097442157 0.046741152642406684 0.5494148057014593 1.5680585547348436 1.6668337170187897 0.09375485085412798 0.22646572849607113
91 910 0.6272497032267569 0 0 0.5525059607283398 0.48072550890198307 0.044160543554508665 0.5299104989417365 1.5938279661295665 1.638414172712332 0.08646896935732598 0.2128436089089505
92 920 0.5840632979381499 0 0 0.5059434300993004 0.4528340428922375 0.040601318504743224 0.5050831983120624 1.4698220517488805 1.533982622878235 0.0765728027886777 0.185346226200012
93 930 0.595381520993604 0 0 0.4991147212632094 0.4675138155371862 0.04118849643909293 0.5052378426486195 1.5479195323681603 1.5658239623030397 0.07596210887019508 0.18683958267512385
94 940 0.5869401478644497 0 0 0.49061374203451835 0.4388432593815246 0.03961913204689644 0.47564426471198734 1.495529326505638 1.4550990475041818 0.07411868790648644 0.19502705807081194
95 950 0.5701293090994924 0 0 0.482542536310996 0.4253931195105966 0.03769353010425238 0.45105705484769637 1.4406607338277821 1.408450764965313 0.06969329336635711 0.1924925749924311
96 960 0.5461443613260885 0 0 0.45774441317215137 0.43689673999924594 0.035835554004147285 0.41809719543562274 1.3380058230127703 1.3650798208912194 0.06355797061774864 0.18109497495371443
97 970 0.548350137892472 0 0 0.4491571287342419 0.4404090802401177 0.036031550707890304 0.41179733660713874 1.3526468632006747 1.381578620635747 0.062134889269219104 0.17886192985281826
98 980 0.5953954312992662 0 0 0.5240317092577788 0.49451453270741536 0.03849897439350214 0.42789307744266003 1.4375371174756315 1.5062433980427727 0.06626982696247634 0.19418092918032795
99 990 0.5602016848439438 0 0 0.49155454461079673 0.4582848812950236 0.03475991836861454 0.3992211544588461 1.2880383126524635 1.3632861060050243 0.06156268920336582 0.1825661550975362
100 1000 0.5081024999275136 0 0 0.4412507031120298 0.41151341109638445 0.031530980900829134 0.3653020441865222 1.1502700804084294 1.2459449402018203 0.05061778848144423 0.16213862189168246
101 1010 0.4687827642158259 0 0 0.42557808610716863 0.37305093132419914 0.027587926491805675 0.3290457791399886 1.0154634933718951 1.1160696299471384 0.04605930197960276 0.14467665050043446
102 1020 0.4478864090877219 0 0 0.4174738667172928 0.35321019351236577 0.0261434244424784 0.30723296806487593 0.9687445725651082 1.0631637974514232 0.04238720766885884 0.13655075512904905
103 1030 0.4382079968117982 0 0 0.4149663944456893 0.3453185082595414 0.024132450247299236 0.30922747395072797 0.9697474575286518 1.0682184016059257 0.04047069396650112 0.13262733812330996
104 1040 0.4408805801680608 0 0 0.414054747498898 0.34927486909093575 0.024044870386517987 0.3071326888286665 0.9371734869578252 1.0708512324672654 0.039686972642643786 0.1351768308878095
105 1050 0.42233761433207584 0 0 0.3954378173436406 0.32875705468899863 0.023589140261561174 0.27064833948808537 0.8985576057318839 1.032605972864458 0.03600831829119496 0.12559871964575
106 1060 0.3891952077285159 0 0 0.3718048002419454 0.30413562750943063 0.02089644440111252 0.25192089709186644 0.8403363951647325 0.9315131684329538 0.03211058374803251 0.1112866730174352
107 1070 0.41870546886064713 0 0 0.43051983310120634 0.3376555763139177 0.0233965450921484 0.27769167074566403 0.8911152956938438 1.0093421617562586 0.03190230313290298 0.11585178792955181
108 1080 0.4056834109662232 0 0 0.4282922313424695 0.3246372207819898 0.021714952487329364 0.2672706959874882 0.8253484959317716 0.9334877111954122 0.028617196944885293 0.11246294966459175
109 1090 0.39061240150760634 0 0 0.4044190718642939 0.3125747479205888 0.02105580163086256 0.25092515153801026 0.784462820493051 0.9197710578605278 0.025682573916317432 0.10691681843399856
110 1100 0.37432439580262183 0 0 0.3838516495946614 0.3152230543375389 0.019365327737366527 0.2358488380022938 0.7336365554564755 0.890663753971667 0.022743624567688407 0.1012235907971006
111 1110 0.3555986167381476 0 0 0.3643529407242425 0.3069003255790514 0.018355067732946866 0.2101884767235642 0.6905670593955152 0.854053703405692 0.021468393025838535 0.09727199472998985
112 1120 0.3227652264872774 0 0 0.3201122986308646 0.27576822177856214 0.016557666348948324 0.18033567269023354 0.6136439919654748 0.760075274914044 0.01899996494598393 0.08859660432102869
113 1130 0.29603904956583177 0 0 0.29279045244730817 0.23988764860004744 0.01479445062324232 0.15952460178366368 0.5364602225731357 0.6574816779951305 0.01753897304770026 0.07873259958959003
114 1140 0.2930176993898991 0 0 0.2828675249319154 0.23789446243936577 0.014578474580176195 0.14812356107469946 0.5411915253848117 0.6528639390265955 0.016525211727310363 0.08538957809629041
115 1150 0.2935317100513848 0 0 0.2877079096186615 0.2391830248998192 0.014185170123222348 0.14334685176885356 0.545916896068414 0.6388527963570779 0.016089548775780886 0.08313244752923551
116 1160 0.2804430094061289 0 0 0.27285092493716506 0.2339441357283258 0.01348519672703695 0.1307954902272685 0.5261651299041092 0.6144165537599037 0.014780146705382274 0.07881690481574084
117 1170 0.301308167298942 0 0 0.30164495819254955 0.24854367629782187 0.014562291465799472 0.1392281714855542 0.5586319947552059 0.650686062363193 0.015703176807708136 0.0864499703041435
118 1180 0.3073044369517804 0 0 0.3119282632703891 0.25502536780528423 0.01437618235954166 0.12628135649887753 0.5695102320747163 0.6606535915566267 0.016561925309230698 0.0895493694346302
119 1190 0.28521463619431203 0 0 0.2925752991429413 0.23532366301083157 0.012747373546198855 0.10906998929446488 0.5177128937136491 0.609507782949545 0.015139810231154493 0.08282316609764097
120 1200 0.27851132107804794 0 0 0.2997712921042006 0.226098631916994 0.012060569371208606 0.1051692775317272 0.4937830202417037 0.591866400274018 0.014697411081597367 0.07991436272272394
121 1210 0.29303455085818114 0 0 0.34527294299711303 0.23487533867451674 0.012689670989208427 0.10078737200556401 0.5344862543408455 0.6190145661604473 0.01529979357407547 0.08382838836912838
122 1220 0.31130524522090564 0 0 0.3793754006029297 0.23413269691193217 0.013003567372729645 0.10256004428029941 0.5673374516100725 0.6656444461551709 0.016200683219377978 0.08958547057944347
123 1230 0.30951026441223267 0 0 0.37746892095452966 0.2380389639002705 0.012291023094720197 0.0990336025533761 0.5687560745063382 0.6583482494708043 0.01598259986591204 0.08885200934271062
124 1240 0.31221069898047416 0 0 0.3724421558586341 0.23925444854863284 0.012774464984300711 0.09401987023849528 0.5906635753489625 0.6776369263465764 0.01566772991865981 0.08967626513910656
125 1250 0.2689107809031855 0 0 0.3199931523468338 0.20490096136593092 0.010731880011138903 0.07984817299288452 0.49747247294361135 0.5780650149297245 0.01326715784687743 0.07658677980519633
126 1260 0.23702024037712777 0 0 0.2780523785427261 0.17096387829792214 0.00952839679224056 0.06988006515129537 0.4304697204073873 0.4946425253391408 0.010889250764606175 0.06655606947700268
127 1270 0.2297462859385301 0 0 0.2716972313399697 0.16836576093114927 0.009020245660564306 0.06313833183305033 0.41761899309836165 0.4860606528064775 0.010471167371186486 0.0647469133194623
128 1280 0.20808275625955533 0 0 0.23485059387022547 0.15345834982147674 0.008308233195142884 0.05213224269201197 0.3751160178087433 0.437462350027592 0.009404621283702485 0.0573476155746201
129 1290 0.21781134059954485 0 0 0.24612584633992193 0.17238170485390544 0.008770133736406218 0.05468542564724545 0.3931859939990037 0.4568740034688261 0.009721272649510325 0.056435488481068635
130 1300 0.21328987075648564 0 0 0.2390531609248145 0.17013589340481763 0.008261209922598312 0.05135282180841207 0.38406775693569273 0.4401632955573023 0.009276583973530502 0.05407656636500796
131 1310 0.20004731941310364 0 0 0.22233160237700236 0.16151164227069603 0.007336946359439264 0.04526062079654199 0.3553453241211164 0.41177757033385753 0.008594521720701446 0.04933092778151964
132 1320 0.19424881464697957 0 0 0.21460449320416256 0.15563456444071455 0.0071529185668696305 0.042800428270456284 0.3374498959271931 0.3963494486928836 0.008001144608807399 0.04654202747108513
133 1330 0.2139924364631214 0 0 0.24367928327491056 0.17179848499833725 0.007611541660866136 0.04640462931923318 0.37133093867659833 0.43890981547032487 0.009060229960366947 0.050132489918844766
134 1340 0.20681287051135744 0 0 0.23675159700141904 0.1592455693744866 0.007230476481137245 0.04277199818785705 0.3594211700247712 0.42844157007549794 0.008835359490347595 0.04828721114815547
135 1350 0.21604548105925342 0 0 0.25185295641687316 0.16508971710232842 0.007810381319548944 0.04362229132556743 0.3878224411133928 0.4685904785952268 0.00893542157186051 0.048972722555574374
136 1360 0.23194376632997343 0 0 0.27465459136699927 0.17979504372477134 0.008359663760980178 0.04696138510953756 0.41437402344140833 0.49165297556418047 0.009738976144699485 0.05033586021186577
137 1370 0.24858989330949674 0 0 0.3036571639838551 0.21284919578882536 0.008618325820298282 0.04887535135878481 0.4616680963275061 0.526301271565091 0.010524147558208663 0.0528291489791525
138 1380 0.24979131341761956 0 0 0.2981197932358273 0.21453003168012405 0.00862227815486051 0.04684136769267925 0.46314281796187845 0.5409076668106758 0.010338618053290123 0.05355101041390772
139 1390 0.2311204441062778 0 0 0.27456150474180047 0.19994781261399044 0.007598335972343772 0.04359358219066101 0.4215733592557476 0.4948784611840794 0.009485688145588768 0.047592826358562525
140 1400 0.24621195754753922 0 0 0.2871173157850526 0.21716345225178033 0.008069101785615299 0.04450810321304717 0.431286936280642 0.5036787489126776 0.010298943380236436 0.05019615263343729
141 1410 0.2911141007427821 0 0 0.34750807545206686 0.26125866512084367 0.009355880682926405 0.050619615826222465 0.5190719937397573 0.5941046992702725 0.012277249286239578 0.0595478790570235
142 1420 0.36429152273871185 0 0 0.43479613694825725 0.3396088861980601 0.01193109536195406 0.06351670860444468 0.6582145030734238 0.7620113776565383 0.01520119129387066 0.07388954229325499
143 1430 0.4305281198410131 0 0 0.5166900213890944 0.4022786873301949 0.01399917989268118 0.07415280098134534 0.7856501203152167 0.8736654331975673 0.01790624811691041 0.08647880137903875
144 1440 0.44233386696237587 0 0 0.5327324062468334 0.39381183017962396 0.014433428566430692 0.07687762106647891 0.7959875351823493 0.8868000242216323 0.0177787305703258 0.09261460277951475
145 1450 0.4511439574562808 0 0 0.5396805926100813 0.4105665120896874 0.014389043738890273 0.07891845258234623 0.8164842377441679 0.8916782514670442 0.017386006797318564 0.08829832593270466
146 1460 0.45529087554336545 0 0 0.5489792246537917 0.4288488649452618 0.014262421901811874 0.07729695391591444 0.8515172294739805 0.897459048357961 0.017898403837840332 0.08814200499460396
147 1470 0.49279344120286095 0 0 0.6070114337883534 0.4934102819744309 0.015399113905910543 0.08274612448404518 0.9107217738244884 0.9644310169201948 0.019008747493948784 0.09041949145948007
148 1480 0.6035052183712857 0 0 0.7771440325814548 0.64305741217507 0.018918322114623565 0.09381523265344238 1.1441514163901492 1.1825616476650913 0.022966682089488814 0.11020000945440142
149 1490 0.6116446138467596 0 0 0.7835942880588421 0.6376126180096238 0.019150980093926837 0.0903610048837199 1.1093932875561472 1.179517089474718 0.02343348497682977 0.1085558182942943
150 1500 0.6410003061311279 0 0 0.8047582730790228 0.675110215678445 0.019853496214184894 0.09304472762536241 1.144022218399577 1.2016651102101175 0.02399349144893194 0.11384348270657478
151 1510 0.6412575114925807 0 0 0.7898458618535888 0.6611014320736224 0.019438814032738547 0.09046878102293951 1.1072650082191753 1.2002640401300635 0.024431113805814902 0.11529795872234568
152 1520 0.6600482842803125 0 0 0.7543564329479394 0.6903567950158793 0.0202993673360711 0.08772769532223018 1.0952690952126731 1.2439984434867795 0.02510762454834732 0.12102831763613543
153 1530 0.6748881524334774 0 0 0.7638615937219183 0.7047711830824771 0.020322355248520323 0.08855323442958439 1.1279293086267879 1.3307084464011776 0.02502553926131356 0.12177124514671837
154 1540 0.7410579333457713 0 0 0.7781668418214578 0.8181221897964618 0.023280994362097473 0.09307744436978965 1.210073934949678 1.5503826681696016 0.02800316410220277 0.13251036943524433
155 1550 0.6832937286284954 0 0 0.7168665280313722 0.7573601670787765 0.021474971853118842 0.0846114604123169 1.1039391569962416 1.3829436327149218 0.024585513812107804 0.11725325750355868
156 1560 0.6617489661259269 0 0 0.7059684638786854 0.7042361595283017 0.020399458784011032 0.08063664684595215 1.069059343613741 1.3718940013801866 0.02480555057189822 0.1136253019741749
157 1570 0.5999378356312053 0 0 0.6363761982287158 0.6232406436172363 0.018417380808425463 0.07007102117464685 1.0199370042676277 1.276858258845488 0.022040884930081862 0.10107213986021212
158 1580 0.5622677836471247 0 0 0.58150443780009 0.5851962927259222 0.01607897175803874 0.06306976098496332 0.9377068596779895 1.175090897169707 0.019961514670489882 0.09566360532555042
159 1590 0.5299917531378133 0 0 0.5390006087408902 0.5722174431206207 0.014595568877451273 0.05807180978880772 0.8853029973803563 1.0804447410662457 0.018423402848679167 0.08523772410956185
160 1600 0.5134034273660478 0 0 0.521657246648301 0.5435503874325728 0.014244030056511679 0.05583564300320244 0.8501277277188244 1.025106186633995 0.017548978693726642 0.08356950043936176
161 1610 0.46608707922119014 0 0 0.47404506539606006 0.49919373898214037 0.012648607873157925 0.05134082571890277 0.7456716980685733 0.8806383403308777 0.015551013399970344 0.07599547898439736
162 1620 0.4225630407137219 0 0 0.43037040708003793 0.4531079129260484 0.010739235214141217 0.046571499347089346 0.668663833234072 0.7906628837555694 0.013930108331729918 0.06563014649569543
163 1630 0.40060696921881617 0 0 0.40955417693579427 0.44107467655278715 0.01021558756245427 0.043556525783624796 0.6402316524954385 0.7606714459449838 0.013363788404070862 0.06135939981811189
164 1640 0.41850616631362336 0 0 0.42307292466150875 0.46879651151758955 0.010666597727991549 0.04477996961004166 0.6609133792279732 0.7890559015586416 0.013800380985086328 0.0693635792602414
165 1650 0.4176804443388562 0 0 0.40895389007992555 0.47131505518251404 0.010934649131960825 0.0446245840391056 0.6269834939120615 0.7563732720359199 0.012692164955119033 0.06972676218132427
166 1660 0.4329978894772757 0 0 0.40530201798722004 0.4728840652927798 0.011407732996762475 0.0450124485765694 0.6674458440992536 0.7929316790985932 0.013200096552319254 0.07008562932035872
167 1670 0.387135054706784 0 0 0.37033993042332997 0.4190418270969154 0.010220246930225038 0.03996841711631968 0.5875878569836297 0.7154881235966343 0.011815070009048174 0.061877388322227
168 1680 0.33185388905808116 0 0 0.3147237056460136 0.35825036849510633 0.00873621922408851 0.032725903184076185 0.49182416523700767 0.5881632501887581 0.010152943621682377 0.05262622567886542
169 1690 0.2815030301909902 0 0 0.2644487879934649 0.29130735589714385 0.006836265116351448 0.02724242865691314 0.40982965100979146 0.49256235142669935 0.00843420856668045 0.04476307008889521
170 1700 0.25625411804990195 0 0 0.2358740625412702 0.267097639895768 0.00601577844233943 0.024541910874074594 0.36054980997328456 0.4173541759705508 0.007621755367421283 0.03965111243541344
171 1710 0.23832690813724833 0 0 0.22270513072259965 0.24373497458119192 0.00538581020871102 0.022699350914064515 0.3308615304895554 0.37298688929181173 0.0070709244416079725 0.036641674911117084
172 1720 0.2118489685749876 0 0 0.19913208640975083 0.22112815410065587 0.004627267085486335 0.020041747750247772 0.29686901952209893 0.3231905485444152 0.006053164441557133 0.032200928629421983
173 1730 0.18786628191631846 0 0 0.1795188812437208 0.1922498349040027 0.003891758515507367 0.01744535863814609 0.2567638515105865 0.28672544374542436 0.00529667179458101 0.028604458875970767
174 1740 0.18236924849671923 0 0 0.17061852033496708 0.18694182086316216 0.0037432584620687545 0.01629931950808599 0.2375569203486336 0.2823136023939392 0.00513862773631649 0.027410447778927826
175 1750 0.15945643775688217 0 0 0.14914125379907103 0.16340344958877148 0.003203631911089416 0.013908868571218893 0.20071824980410016 0.24008152080822734 0.004422665823548445 0.02399419250066626
176 1760 0.1536947805149849 0 0 0.14314605712065304 0.1561703703783102 0.002977199590990331 0.01249686213735447 0.19436125869625212 0.23208237970485845 0.004265793240148514 0.022588016210754104
177 1770 0.15022159892032275 0 0 0.13894857296999072 0.15355728643420472 0.003033820539232043 0.01202231465937983 0.18916667007842397 0.22262625800414024 0.004043425678314528 0.022310946910461867
178 1780 0.14364548309176114 0 0 0.13391990570932713 0.14447669248364498 0.002864453052125556 0.01100031199425831 0.17513631415468675 0.2081207635814443 0.0038073082628687217 0.02123078504675336
179 1790 0.13048222123104702 0 0 0.11742049411240618 0.12943411978792893 0.002476690036322643 0.009832309811194238 0.15429463498681795 0.18920794646379885 0.003364119329472224 0.019051750187119115
180 1800 0.11804792269324588 0 0 0.10299532784799424 0.11704120454094694 0.002250315894763609 0.008457664398741401 0.13934519936501213 0.16552667892846376 0.0029674829964028205 0.017353029113553405
181 1810 0.11232531101142788 0 0 0.09756680115872107 0.10542633548698499 0.002129331665003289 0.007798593137208393 0.1312506006961443 0.15242070431249063 0.0027883253672371542 0.01570098026497811
182 1820 0.10288355898007456 0 0 0.08822748448322401 0.09406947425579547 0.0019172652807333346 0.007136520246900784 0.11969779041832844 0.13883217409191784 0.002500625302165281 0.01407295009664311
183 1830 0.09194281751229638 0 0 0.07921387225997539 0.08187060267213973 0.0016653145656893846 0.006336393142225097 0.1059786021260459 0.12104660170649388 0.0021148395853127873 0.012400415787556207
184 1840 0.08331030675658946 0 0 0.07047349949065909 0.07276018679443351 0.0015550993752630245 0.005762446337520405 0.09512387847243461 0.10755642322622756 0.0019543503928040056 0.011022473548953061
185 1850 0.07509858844509429 0 0 0.06339601689549401 0.06404643033090868 0.0014196788114136513 0.005185841087522006 0.0854830576388315 0.09442997363893786 0.00168616273821114 0.009990079226944915
186 1860 0.07324223564760252 0 0 0.057203363859895925 0.06078092515215749 0.0013458952121545725 0.004863138438602967 0.0804793872439106 0.09182161871422441 0.001616524995296916 0.009833036822701797
187 1870 0.06572497162263848 0 0 0.050599099162043915 0.05388206187080211 0.0011590286389171033 0.004246074955478587 0.06818371269499277 0.08196561191792004 0.0014091087294103599 0.008758240360683109
188 1880 0.060003915902076745 0 0 0.04628675176726724 0.04889812517349297 0.0010309569248291908 0.003924120929478963 0.06211262594354893 0.07426847370508805 0.001251647672341794 0.007964202750871334
189 1890 0.05586864911588251 0 0 0.04251288650307021 0.045701796103961696 0.0009656874835445101 0.0034636247334744927 0.056469468084883054 0.06876659382978881 0.0011320254715532286 0.007077114415315219
190 1900 0.04845430529924191 0 0 0.03518137446863276 0.03921518542754265 0.0008097629582678172 0.0029545545549565897 0.048030829212520165 0.058111265116501595 0.0009619313067357912 0.005871626114576891
191 1910 0.0445852699347081 0 0 0.03227472842715608 0.03490469198059485 0.0007319475895498212 0.002642283556907159 0.04348708945469558 0.05153836420351028 0.00087864366813759 0.005261299239747215
192 1920 0.03933537338004897 0 0 0.028661193255460782 0.029698608444116474 0.0006463358949648027 0.002310997520590629 0.038460798523773765 0.0435121439203314 0.0007758187166942682 0.004601451604924168
193 1930 0.034009964871954644 0 0 0.024566503912468222 0.024531744487360677 0.0005481253641855671 0.0019169423439690002 0.03304210031508582 0.037556344892105194 0.000672315159762482 0.0037572533265403836
194 1940 0.030368033126897055 0 0 0.02127378676844006 0.021409518832005536 0.0005049830442104661 0.001581290365537068 0.02870550199892343 0.03298538649277995 0.0006018704713601684 0.0032942761575782266
195 1950 0.029873293024285125 0 0 0.020773686509418434 0.021208783646053747 0.0005055880693750121 0.0015409219047129033 0.02825032114556949 0.0328988287637607 0.0005795602854633035 0.003275326150503828
196 1960 0.02799132367277147 0 0 0.019032466179404114 0.019109566214612937 0.0004668235392693415 0.0014274464275262377 0.02533247617184577 0.03180476610006354 0.0005094969638311231 0.0030593238626355395
197 1970 0.026230552503318474 0 0 0.01738980486023769 0.017821236235068354 0.0004373874475452383 0.0013113393546098475 0.024029964386612875 0.030794415952986445 0.00047122353436543753 0.002812664884166249
198 1980 0.024035315755560945 0 0 0.015289445646379128 0.01597889962216207 0.000392823145305426 0.0012041068233353542 0.021436320243765322 0.027564455714794493 0.00043116423623273167 0.0024701202488371815
199 1990 0.023284491316338914 0 0 0.014585636346703795 0.015372155770029892 0.00037846662083998575 0.0011378488750879432 0.019973286171411378 0.026339785938597603 0.0004074057381909981 0.002368583589955395
200 2000 0.022334671993862396 0 0 0.013394437882309321 0.014679991196378358 0.0003548797432188153 0.0011020392475807272 0.01887867232465389 0.02519943931254569 0.00037122769860416666 0.002364605311753053
201 2010 0.020112984965303664 0 0 0.012019244916789816 0.013151948076406617 0.0003051368118985605 0.0009664550062868384 0.01668945693752639 0.022313090330522492 0.0003282301683258744 0.002120103929491525
202 2020 0.017954614491902738 0 0 0.010298269439278323 0.011400381323426653 0.00026668874711796846 0.0008576170475492038 0.014641067716407608 0.01982109677854166 0.000287934182155161 0.0018531224798631124
203 2030 0.015606584968821844 0 0 0.008939161204937535 0.00982022407508729 0.0002260667689677974 0.0007435579490216355 0.012117373689187284 0.01651983966384836 0.00024216777517576708 0.001602304566047972
204 2040 0.014809774893198051 0 0 0.008391305901446858 0.009295871938617266 0.00021191552296867565 0.0007121819272900535 0.011370966112900236 0.015479634841304617 0.00022508959959741101 0.0014420778066922349
205 2050 0.014425553306672724 0 0 0.008244917260940548 0.009076198683019789 0.0002070203750259395 0.0006989335891747484 0.010849699764857784 0.015165928241831429 0.00022314332214083723 0.0013728503679548102
206 2060 0.012619840491157688 0 0 0.0071976160912199764 0.007745696513112665 0.00017967435474253727 0.0005878814077486305 0.009428764645307943 0.013065090407600944 0.00019138785593121344 0.0011806875373132813
207 2070 0.010749298803475589 0 0 0.005898080983300559 0.0065844789480957585 0.0001502583174229229 0.0004942827753858832 0.0076836879823104064 0.010853763398676029 0.0001617252616971658 0.0010125257654407986
208 2080 0.010401832877643522 0 0 0.005726390709614691 0.006334704802644754 0.00014410626070874823 0.00046565286811560825 0.0074164542888190185 0.010308931072157733 0.00015514480806737676 0.000951450441481188
209 2090 0.009667509596281387 0 0 0.005315641655719425 0.005950572646396346 0.00013174353490937407 0.0004298560897324674 0.006812965303202805 0.009578848112415389 0.00014696326478647238 0.0008587582829780304
210 2100 0.008498760987262913 0 0 0.004607465982143178 0.005168830761481683 0.00011497527383049692 0.0003760752497355823 0.005874607306407694 0.007939694037689014 0.00012771667282016253 0.0007534780995133569
211 2110 0.007995706661840995 0 0 0.004267193629259208 0.004899992767209893 0.0001045848400185214 0.0003451645432153107 0.005585105167823762 0.007679800394292485 0.00012007296561353578 0.0007073674423935498
212 2120 0.008632164831324231 0 0 0.004447440778609031 0.005234142517284902 0.00011301914787534893 0.0003733612364994012 0.006114385298669884 0.00835180492690402 0.0001269243656349177 0.0007848343220406876
213 2130 0.00860472615461799 0 0 0.004422656000522255 0.005195312785514196 0.00011140842861085776 0.00035804218249971915 0.006088101091829004 0.008475617138173292 0.0001249456414938173 0.0007960963700381962
214 2140 0.008881804943950087 0 0 0.004668176488478836 0.005246776685836779 0.00011533252697367524 0.0003865863387460179 0.006227854247982112 0.008557671383444123 0.00012306561989871965 0.0007820939050258699
215 2150 0.008131027665141503 0 0 0.004191805405670867 0.0046548336056262945 0.0001045052436126329 0.00034741276778243356 0.005604501786590308 0.0074758989886485215 0.00010930947342214724 0.0007063888694935514
216 2160 0.007781555256805114 0 0 0.003956320098446339 0.004435732299950087 0.0001007408833081248 0.0003294389555340131 0.005076170997876394 0.007122337961226751 0.0001018061190335413 0.0006638595709902913
217 2170 0.007118825278061425 0 0 0.0036263652703986964 0.004063955170546851 9.084731049657926e-05 0.0002966246054025355 0.004550483603171013 0.0064880190714574045 9.13297230119596e-05 0.0005794208350836852
218 2180 0.006448455610557299 0 0 0.0032781382047528005 0.0036000914371089074 7.72183153175092e-05 0.0002659117036366295 0.004096623495321326 0.005917380071054846 7.961813402854725e-05 0.000509253601121771
219 2190 0.006695211931707636 0 0 0.0033669124076036736 0.003704176526889831 7.969922709892157e-05 0.000285769235222282 0.00428414393211537 0.006077482718577989 8.646537085418363e-05 0.0005272748126118859
220 2200 0.006011709120740161 0 0 0.003003737662230386 0.0033595329748048477 7.13373588589343e-05 0.0002540114025529896 0.0038318204771934502 0.005394859278679359 7.599801106173435e-05 0.00047762389882118647
221 2210 0.005177047465147679 0 0 0.0025277976092393474 0.0028557338830727153 5.882227040195971e-05 0.00021502572487690913 0.003278559565504099 0.00463289128273886 6.283553197546225e-05 0.0004173627730874354
222 2220 0.004956094844931631 0 0 0.002429984380794935 0.002579669262121998 5.5170830690178294e-05 0.00020560715023110657 0.003257778768334319 0.0044734574165177805 5.870896928296534e-05 0.00038705801529138753
223 2230 0.0045821838422961695 0 0 0.002213639037575182 0.0023714684334089128 5.13507499715694e-05 0.00018257906122625366 0.0029638603046656872 0.0038402504404481492 5.459457799442872e-05 0.000347676553350137
224 2240 0.004528689597268697 0 0 0.0021134457853046193 0.002405387317917636 5.033543733080122e-05 0.00017384662878574308 0.002900911304949442 0.003773295288203358 5.4612881882059327e-05 0.0003471287101864292
225 2250 0.00409157828570105 0 0 0.001812264167358123 0.002084976187323149 4.512518197097602e-05 0.00015407314197676857 0.002626538880373386 0.00329336703126373 4.974444746924944e-05 0.00031992212400155137
226 2260 0.003645352828624952 0 0 0.0016074845058472826 0.0018229748110694503 4.0484112105077195e-05 0.00013857821586322588 0.002254607892274727 0.0028513901924208623 4.3438074467493085e-05 0.00028171443169739085
227 2270 0.0034117524586928594 0 0 0.0014052900526879838 0.0016610232755881757 3.7303455452005264e-05 0.0001278360518255578 0.0020930671338974254 0.0025772410264460516 4.0433417897314386e-05 0.00026270441596686295
228 2280 0.003667399843945705 0 0 0.0015172352001441615 0.0017168154699041308 3.967977485941164e-05 0.00014641039065658347 0.0022221591522073787 0.00258047507985445 4.395975567147821e-05 0.0002733131288088218
229 2290 0.003427312507428526 0 0 0.0014109731151557311 0.0015852563490175472 3.628566580498102e-05 0.00013447193992463882 0.001999252622571609 0.0023801133986651127 4.1072721982465175e-05 0.00024658792516228575
230 2300 0.0028702060661502295 0 0 0.0011560975718207264 0.001320772941767189 3.0351723273521595e-05 0.0001082206730897323 0.0016603958938359578 0.001978083914711091 3.2428299477366546e-05 0.00020521915296498592
231 2310 0.0026544392335645633 0 0 0.001068882448563972 0.0011690174376608126 2.7966855674436806e-05 9.949066262131632e-05 0.0015283118019576009 0.0018158235805845531 2.9507566493992036e-05 0.00018567627849297246
232 2320 0.0024663639447490655 0 0 0.0009791290620870395 0.0010779630774106032 2.616900301779416e-05 9.077239001976193e-05 0.0013552882590545322 0.0016625058844978067 2.69027723858413e-05 0.00017882094759141506
233 2330 0.0021790548598308846 0 0 0.0008184783712272524 0.0009185496218321462 2.2585964879214523e-05 7.698176355619717e-05 0.0011543697796328894 0.001426053891261744 2.3541376501072642e-05 0.0001498798456862759
234 2340 0.001972870530025396 0 0 0.0007326782102672054 0.0007971811488863643 2.0604880387123688e-05 6.828380830176944e-05 0.0010541344287830208 0.0012514812913814238 2.131433215339776e-05 0.00013594768282599695
235 2350 0.0017313876854450417 0 0 0.0006242137922140941 0.0006975479538322525 1.730382028305947e-05 5.8681016532225536e-05 0.000916108665089191 0.0011217726158258988 1.874431656823112e-05 0.00011691141647925255
236 2360 0.0014877640982974582 0 0 0.0005169350685471814 0.0005742176417683228 1.4565735423042419e-05 4.971211183408163e-05 0.0007816802857050729 0.0009383708683415203 1.5605371653790734e-05 0.00010000882862317739
237 2370 0.0014126090402068736 0 0 0.00048618170236608497 0.0005384830089512948 1.336466278836844e-05 4.5706084239723005e-05 0.000737672794858555 0.0009087059143723099 1.461464367975241e-05 9.228726416893677e-05
238 2380 0.0012695665701907167 0 0 0.00043393559274059254 0.00046481514121158457 1.1350678870328995e-05 4.070529861370975e-05 0.0006542251138740112 0.0008214818363593087 1.3210302510028177e-05 8.034226890874305e-05
239 2390 0.001074522884566413 0 0 0.00036115105831306443 0.0003956072759565708 9.380555850797402e-06 3.49545493667908e-05 0.0005489393392880638 0.0006893594510828321 1.0719596049320872e-05 6.634604003504272e-05
240 2400 0.0010039531957975261 0 0 0.00033629906375313875 0.0003528529874898961 8.717730003252918e-06 3.231452289182011e-05 0.00048582099380121583 0.0006342986660533632 9.96338485010816e-06 5.97107233204605e-05
241 2410 0.000946659539162628 0 0 0.00031540364820777404 0.000330649253255664 8.19959498799067e-06 2.9866545562551934e-05 0.00045160199505860045 0.0005917202738875532 9.21447267067494e-06 5.576318023902562e-05
242 2420 0.0008802886691741688 0 0 0.00029265152611030756 0.0002979689531641524 7.538930070851158e-06 2.571657112651355e-05 0.000411792258933755 0.0005535029338405756 8.521242302778816e-06 5.1106759595085346e-05
243 2430 0.0008561566908513275 0 0 0.00027768779412909477 0.0002730238183482036 7.4423955431624776e-06 2.4189201275317012e-05 0.0004114112489230971 0.0005663663344241704 8.329409217254527e-06 4.930003870741248e-05
244 2440 0.0007801938669014156 0 0 0.00024624684617597026 0.00023829350636372747 6.801804809990105e-06 2.2031848302992057e-05 0.0003762963806762905 0.0004995048549023519 7.43459373461172e-06 4.592218052986028e-05
245 2450 0.0007504540825199825 0 0 0.00023085996467147885 0.0002353070290695679 6.408135977058676e-06 2.0528703162402132e-05 0.00034693459265779645 0.0004723158404284325 6.986028312007968e-06 4.5001035046734346e-05
246 2460 0.000673537459466632 0 0 0.00020246225441691236 0.0002069309400762848 5.7660724755441915e-06 1.759212676886463e-05 0.0003108935080687449 0.0004226061260055766 6.119533726079833e-06 3.920929254894379e-05
247 2470 0.0006545336004991202 0 0 0.00019860277375778458 0.00020499803216334687 5.434352433346922e-06 1.7730842004634125e-05 0.00029960575284463515 0.000384727613919424 5.886164640874838e-06 3.83255231643708e-05
248 2480 0.0006050219097902564 0 0 0.00018405865920378029 0.00019219438008724192 5.0279234590177846e-06 1.6404204737676696e-05 0.00027100978163536316 0.00035283810005059136 5.23852116953008e-06 3.496365253232392e-05
249 2490 0.0005757117546522415 0 0 0.00017529960573741519 0.00017289462441620002 4.733996454549838e-06 1.5636036411693692e-05 0.0002557272553105351 0.0003180969784067996 5.096355313601417e-06 3.2980539393058606e-05
