% # columns="iter, evals, sigma, 0, fitness, xbest" seed=687475, Wed Nov 10 11:22:12 2021, <python>{}</python>
1 10 0.4076269071206498 0 326.2501721775865 0.33113827592518336 11.05095804192122 0.04491978179233454 0.13412239308712298 -19.289928201430147 23.8913530224498 0.3250318079541727 0.12482359143452948
2 20 0.38933713035873996 0 320.18020176071866 0.8000243163288506 11.022530333897814 6.937810644832791e-05 0.12379770912223936 -18.90586503237618 23.902954432268366 0.19863475748005044 0.1530746113142265
3 30 0.42679217194600666 0 321.59875680197587 0.16425644383426818 10.49197129584497 0.13614685511512542 0.202945823235889 -18.506063075829477 24.319874668216578 0.01984624807970286 0.8091167831065205
4 40 0.4391982874439534 0 319.7279751059124 0.1987187397763 10.651291186436046 0.09450205740682958 0.4174142071945599 -18.712388794395345 24.823665237478146 0.07343840248019275 0.7767269306682423
5 50 0.4235219571851786 0 319.86282621697956 -0.019404535438915432 11.146305208969977 0.03181570503017516 0.16889846571729533 -18.100599465483064 24.74986111856148 0.24196391494382918 0.1628065869621837
6 60 0.38149807525960955 0 318.79892075995224 0.30188241113158704 11.319622092556727 0.04453258934831365 0.31041289535637906 -18.601114825061824 24.469875431350992 0.24281001983655184 0.23726447971601716
7 70 0.3378805209597285 0 319.7518224799504 0.32896526922512337 11.322362977815054 0.019615355403252595 0.8503197561226767 -18.21482856322962 24.21450759551802 0.11185209997849095 0.4247354150092729
8 80 0.3210353937312465 0 319.1053150704132 -0.276734610003877 10.509536569726636 0.055039225832029304 0.7155078417696741 -18.45717472799869 24.492325481059787 0.17127781966231145 0.17204389512040436
9 90 0.299866672159226 0 318.5171708020927 0.0528066366596848 10.897180759821756 0.01871519889380021 0.6051305734033813 -18.27060511851579 24.171902316679443 0.1543319273640505 0.16883767193831195
10 100 0.28054901713247127 0 319.02956107003024 0.3812422967827128 10.816264485105432 0.12460334571921988 0.3169692333140184 -19.046997151709867 24.003536533453723 0.15844432888044654 0.4124732676590128
11 110 0.2857060243766252 0 318.24476650258987 0.33298936490265063 10.823826900809468 0.02603564749074429 0.03025500811703686 -19.002745658425304 24.285606624356767 0.17963773024236085 0.5482296247067051
12 120 0.3123782118982132 0 316.6902076209309 0.7126647880420697 10.70282515064326 0.052295653739648285 0.19343254958746148 -18.716646259665715 23.842722541838505 0.15763025741056833 0.33333888014628704
13 130 0.30592318032544347 0 317.5854052734856 0.4405758808876993 10.78488917241835 0.03097510159676236 0.24460839834233605 -18.68505816762375 24.16316398160572 0.10710853961357603 0.46275442715654935
14 140 0.3102195778874928 0 321.0733512824211 0.5944512496155834 10.98262607854693 0.1461195631417889 0.062470675795671365 -18.353334873942803 24.005172276990553 0.05759186384628147 0.73429788703073
15 150 0.3035986135722517 0 322.47062977530004 0.6784337546982151 11.12644509896798 0.12154990104683688 0.0014876586179568727 -18.744877019087603 24.259063825794335 0.026046530513182963 0.942385397900502
16 160 0.3027974795137418 0 318.10642135060095 0.8329229614498381 11.219736385371881 0.08008504899667437 0.32951067529139816 -18.01641242845651 24.265867076473825 0.13312525524445137 0.7283363731095236
17 170 0.31496103760834737 0 323.993123637481 0.7736560953568881 11.002177593204966 0.18114561749948832 0.31538897277758404 -18.115660534280334 24.410668869659197 0.1445069161562914 0.8103765818038526
18 180 0.3066143729703 0 321.95686137364163 0.8712131100985842 11.069809451956962 0.1560638946483962 0.155100452021684 -17.895859897136148 24.325928250419114 0.016773987420243535 0.5893670298034899
19 190 0.2874146250241387 0 319.543677644136 0.7104566678873324 11.617283655880732 0.10505663003662924 0.3232385324276122 -17.960460040698948 24.54165387604547 0.20405080791306252 0.5780465404075241
20 200 0.2715817880866178 0 318.19750824938836 0.8131520698746711 11.356161935642263 0.018391074039003988 0.12497820847520419 -18.027226747279883 24.850821973889033 0.09734954788179401 0.843093377415421
21 210 0.285012049086873 0 318.31180401915464 0.5873409315734572 11.208636235862425 0.08874760398679465 0.5150374947238789 -17.98577845120314 25.06760466306213 0.13021038300993215 0.658069515165794
22 220 0.2945984126788341 0 316.6441326335727 0.321791887133895 11.466409152362646 0.04268588728154556 0.0007837599982183294 -17.812969556540267 25.27638725262506 0.13455152129722636 0.6662917090637459
23 230 0.28527725491620215 0 316.66534092500444 1.1170722550829888 11.182179828931854 0.02614720894627221 0.2220039237070307 -18.385531391640107 24.832440712515908 0.1385637673020457 0.3109290545079915
24 240 0.2540447852427918 0 319.4685437166262 0.7690864369750112 11.27228255814998 0.0653328966564056 0.009374099316730404 -17.891572285447133 24.729466072067243 0.04779583802164821 0.2994390715588714
25 250 0.2312417145922155 0 317.12114331913864 0.7994749915431579 11.608082742166793 0.08155778488225895 0.13791468488636333 -17.54876213937069 24.805278646104128 0.08947309090707016 0.8154382139187193
26 260 0.2183763888355167 0 316.3749053442615 0.8742637115275735 11.282270147278835 0.034120679708361315 0.16855433067560446 -17.92989053249945 25.069975887922578 0.08665447676842122 0.5410525823854127
27 270 0.20656376265744836 0 315.9909485514846 0.7418357839648857 11.335742268738704 0.050471688764344685 0.09876128396202905 -17.880409166523727 24.71260073697514 0.14124347262192832 0.40714279065483827
28 280 0.2075816235125115 0 315.70762535736895 0.8947636973083857 11.496009559497937 0.03199358451208981 0.1224158400159829 -17.595341008522595 24.7784358837214 0.09828805738520649 0.5370098375160055
29 290 0.19497340517232467 0 315.8732413504308 0.5444300876795519 11.26257750059515 0.02582124528322869 0.2250730042445833 -17.617434243684073 24.86361412926477 0.13004364146687233 0.5635193934317517
30 300 0.19686955733512124 0 317.23214882086495 0.417898751764901 10.961854747246766 0.11730888736239042 0.3975895789638642 -17.328410516047615 24.912069501125906 0.17529821744244045 0.4642225071507916
31 310 0.18770321051807423 0 316.1754830242449 0.8034316647968474 11.284675888192929 0.06589289393885492 0.10891126633366183 -17.878572816254714 24.558878732817504 0.10019024369528001 0.5077979290056895
32 320 0.17102838183489408 0 316.1151767160377 0.6997051856038441 11.078625666118763 0.04709005042952401 0.021004069086007236 -17.43329097718603 24.595186242794533 0.1063707770234272 0.7568918216663094
33 330 0.16048325962698892 0 315.99851668832815 0.6571216961724705 11.01488190316777 0.03973880089923653 0.15874451536916034 -17.494805364006183 24.479481848454775 0.09154456382590542 0.7157724748690657
34 340 0.16016899864555995 0 315.7596469340575 0.5205131969374268 10.978814050153664 0.0805981921534929 0.06481752908890474 -17.31239485087856 24.617737560961267 0.09567801236657276 0.5956436470851221
35 350 0.16201797465652265 0 315.9355093660042 0.7901900854070658 11.166134528726076 0.06597007126500112 0.024462857259459323 -17.418625984562503 24.380231169886418 0.09177740672947063 0.6462930562244746
36 360 0.154055601098754 0 315.1240735799108 0.5602182532210433 10.96517866095445 0.044021649185568786 0.27978091236933955 -17.204217509863696 24.699377570219454 0.09462939365161907 0.6103870914104141
37 370 0.14585377085905635 0 315.5380804302412 0.6823222156038246 11.122316256460119 0.037538877581535006 0.1290660718494496 -17.230869345086173 24.455356983925196 0.15759888581654824 0.6155651072126072
38 380 0.14733192053817593 0 315.4924727281682 0.6479861693567189 11.257737081273149 0.017199035890676423 0.10127193158424255 -17.15810898380464 24.516032942942857 0.15360246348985132 0.5754301947708185
39 390 0.13892546623764432 0 315.4667651912024 0.9070882690490325 11.07705107747248 0.06573368705673302 0.04015439588562243 -17.056313679766323 24.606232081445352 0.06897099833283307 0.6562380428342427
40 400 0.13349307652047193 0 314.7377830701403 0.482969913805585 11.19081257869045 0.05904027297491507 0.24458711501467317 -17.119475708872205 24.541004253564637 0.09935637088009873 0.5370998457891305
41 410 0.12977567193046993 0 314.6156071803673 0.4249384943380872 11.073600738269718 0.0721391664434084 0.31061640574601984 -16.92999682937324 24.405227412621745 0.09399636645942917 0.5713268460678902
42 420 0.13416667670233445 0 314.96511821039945 0.35841966961274546 10.910323255150537 0.06624908893092923 0.3865074704076202 -17.094389074643807 24.221262491626543 0.09169154569068852 0.5650372363748641
43 430 0.15456210159436706 0 315.1776439674952 0.3697396623515186 11.082442235594153 0.04675480794818859 0.48151392032312734 -16.720308744573686 24.082330511497194 0.06903736732489284 0.5401464687375499
44 440 0.15832118707179682 0 314.9983966534289 0.4739431417276103 11.073041037241325 0.0835146741745508 0.38135794289188996 -16.75943876462632 24.311149875204617 0.102897189472945 0.6630358938822798
45 450 0.15887338181551397 0 315.1180119725113 0.37378582881116573 11.062708129883145 0.10817244305967902 0.37680719245047223 -16.774683641408835 24.2464654641226 0.09885323995439273 0.5629814940512876
46 460 0.1659574569297739 0 314.91510814860055 0.418469185442484 10.994827121802492 0.020795451167039708 0.14686519847135 -16.987046400209856 23.918728327792568 0.1494150946798114 0.5253348881020086
47 470 0.1662578069932477 0 315.0590100781572 0.3811713035646871 11.14491755276796 0.03365864536030105 0.00575278895263852 -16.9290056344828 24.254207164350692 0.10550500165929726 0.6883059533730831
48 480 0.1601816798073352 0 314.53407784546437 0.33521607708846524 11.04210851526352 0.07147855472813255 0.42596716176841615 -16.64517922229351 23.616645393487666 0.11032921317886557 0.6001412169279525
49 490 0.18139950249608197 0 314.3623142624389 0.39103520092238486 11.060645318077567 0.06397270429201352 0.31440654364849846 -16.32975046327839 23.76222366439827 0.15700454820510754 0.6061804869272607
50 500 0.18966985683281215 0 314.3418522569888 0.6521055146024617 10.862261747542256 0.06283885085104116 0.19662162984227513 -16.555872145714062 23.611486023863343 0.13913686808338918 0.6376828479656937
51 510 0.20824974952046907 0 313.95904982892597 0.4549554019985067 11.056937157788921 0.02830694506898088 0.09491046420997919 -16.039060283933466 23.581100668372454 0.08706412909313195 0.7546095379303324
52 520 0.23470732714159834 0 313.03244809458965 0.17096178108418264 10.71692202519667 0.04486715984545644 0.12453051565384894 -16.1128147336774 22.859476392608258 0.11317850547503527 0.5297755512476097
53 530 0.2440242728902128 0 313.3173191607499 0.23313233311582293 10.790938724438805 0.04811888172952481 0.01704621669824568 -15.518665064487939 22.97345953813853 0.10382626769211305 0.8392643155143202
54 540 0.2544695464200125 0 314.1425426507 0.4079653348681273 10.950736830278688 0.02662204632169019 0.004711104692403996 -15.941144258760685 22.821370273110272 0.10592108345204568 0.7910415598388345
55 550 0.2709095356350825 0 312.6517540097839 0.43694216488651255 10.634013993236216 0.07754643340608383 0.10103177197295936 -15.434984934586343 22.47262640922873 0.11805473487070209 0.6513249562032091
56 560 0.3058698008369768 0 311.1110452696465 0.5269926060846699 10.837275498729394 0.06953529898315819 0.13010759667533378 -14.160976301368022 21.886511442306265 0.12408613090873712 0.7620726495902217
57 570 0.3555321086367097 0 309.6339049981625 0.31536176341621597 10.875852293684806 0.07788206488678626 0.21226623847983056 -13.649657507743923 21.41740883544526 0.07397846457750344 0.7639328192331372
58 580 0.44210980638605096 0 309.0699434406853 0.08709803294987822 11.261396442117341 0.09906508313813467 0.3797765879017245 -12.960733572616117 21.073064661030106 0.06799042464612626 0.7728246290239469
59 590 0.4893983462910278 0 308.9449009082044 0.13486002566067343 10.63102626470848 0.05679896526558803 0.45048154207136604 -13.526583427277917 20.750566521467466 0.12405289962664112 0.40791855196218274
60 600 0.5509693902376889 0 309.7948811234665 0.5804469095517247 10.646187447607533 0.028894395323375243 0.9681839113849946 -11.312058985554245 18.478489429463554 0.10849995000516197 0.54387049976739
61 610 0.6358186638396358 0 309.4450032750917 0.8323719226891947 10.726271823918161 0.008619934173269955 0.9015639657571201 -10.129169168963308 18.42809222570387 0.06234686595231674 0.6793162692340633
62 620 0.6755736211724983 0 309.3103194646169 0.5257318934291356 10.794931450160291 0.025488464239625582 0.8353327596221021 -10.266930043523507 20.402206876849064 0.20529078050619107 0.3222012360646743
63 630 0.6869551258170369 0 306.21728167887125 0.46810397055536646 10.643161715625226 0.04301786733516302 0.6862457148570229 -8.707090391819154 17.573092355458158 0.1516587861631647 0.20152103489525797
64 640 0.6853097544566973 0 305.1884472652134 -0.05803857611954577 10.878997905460285 0.11045339728729245 0.8323254175570032 -8.408821634913256 19.31338411477752 0.05616589392850585 0.5897579314693986
65 650 0.7487431361365103 0 304.986754490435 -0.4619997589039602 11.092024003765076 0.021925206135113565 0.20689338647976607 -8.16831127466002 19.065184979064686 0.06641938029369063 0.46681984986882463
66 660 0.7825364345049285 0 302.2483967865011 0.5307286554011945 11.197010489652866 0.07035803360344656 0.6567540665913463 -4.949372648785297 15.309454162999877 0.20437716430281416 0.6451770952944815
67 670 0.842135789426131 0 300.35941538081875 0.606480970806303 11.055975548634954 0.044522951288410696 0.6661852968673239 -3.0945851976046406 12.630737296194678 0.12083444333378832 0.8593722453965322
68 680 0.7916194622261956 0 301.417966097937 0.7783414663787623 10.281152403667955 0.11366225748548625 0.47492459261232156 -5.80490129695666 15.964917269115292 0.12848269330667236 0.5721318491260037
69 690 0.7791935890697633 0 303.63408604877407 0.6067051713688838 10.403985817747756 0.058213016485082036 0.021526876955732528 -6.532648189446905 17.129696806869834 0.027430468166707266 0.9956618606545588
70 700 0.7351388933420454 0 301.6480504698212 1.0302617510979295 10.969112303976532 0.08850371855990857 0.3824867736565035 -3.320160376564582 15.521703742074669 0.16658206802717218 0.9995743102778004
71 710 0.7398600049338045 0 299.8923344283013 -0.1517697179913866 10.898011268935889 0.06433710122943997 0.522547776141451 -5.071246179811356 17.216371655256047 0.06629249084329586 0.8391472083475378
72 720 0.747229530014619 0 301.4300502880646 -0.40104781887015184 10.62421745869061 0.08749626213115996 0.5910230055572254 -5.760810941035026 16.394129634506033 0.02574048904014758 0.9631942365949825
73 730 0.7627457797270337 0 300.44753013920825 -0.17533756822382116 11.533206771576928 0.10658934999264824 0.5248368801518486 -4.920231259470753 18.399527753196317 0.04563144691067521 0.9981040830273324
74 740 0.7538986089655884 0 303.7327974032187 -1.09278911527035 11.03280468236315 0.06920940382362739 0.433994536802913 -7.6186994200895795 20.884321288819287 0.019245504744033495 0.9604055809653391
75 750 0.7954634195466166 0 302.3150174363332 -1.7454226860666822 11.407612392086968 0.01525001895064461 0.25294871541343644 -4.332420988971963 18.576048295704815 0.17039888486013688 0.96446447861062
76 760 0.773926188813577 0 300.4626897169068 -2.2447946569408606 11.153596927461422 0.14676109564485273 0.3335319637577988 -4.790814377593669 18.280289329993394 0.05760565172235871 0.8936264978794668
77 770 0.7108931872918633 0 299.60377382010597 -2.089915126020904 11.221055253321852 0.12030676083446717 0.35877195903720693 -5.074946128594 17.906868727176978 0.07254336826380786 0.9993186058597456
78 780 0.6291050100408657 0 301.39332813911136 -1.852823509205073 11.533197624231637 0.15302984587471768 0.3584718909298992 -4.032717849007718 17.640399645328074 0.11315323638075453 0.9330790075808423
79 790 0.5647996457070431 0 299.1183958748604 -2.0148985347645683 10.711583123285681 0.12733046952416288 0.1672170762972751 -4.487782692574564 16.46289175788224 0.05098802435012606 0.9979675700812448
80 800 0.5137009706667636 0 301.6714471016128 -2.1333204074608236 10.481517770574873 0.10038153462670354 0.53610308752949 -5.576817629726427 17.98325200215719 0.019984301135137158 0.823950597053609
81 810 0.5006923729468827 0 300.3581641137739 -1.9595832005130018 10.80605194639302 0.08671402042312587 0.021176689984510524 -5.482965004145171 16.646991575090546 0.1213725566742086 0.9014853156011452
82 820 0.47976616371545755 0 299.52457705710856 -1.114088496192955 11.272807739547874 0.05648098876343646 0.41008205215945615 -4.872831909295384 16.009396965431023 0.10427469539764223 0.6662268485599407
83 830 0.4824491374689429 0 297.7149766485868 -2.1376399173002154 10.666371091429058 0.0713959235079257 0.10290649459436518 -3.3958926188319634 15.818193645574674 0.09150627446017012 0.9796982085871854
84 840 0.5587093200362657 0 298.53598947644576 -2.0018501918263705 10.212240553423015 0.08097813036500107 0.1295548427389176 -2.28453186193254 13.161923684036646 0.17051361747916566 0.9970766235512296
85 850 0.6458244585322973 0 297.8299115959828 -1.8477993620110846 9.456168421473189 0.09676975336517118 0.1968813729348552 -3.3804448400376157 12.724398612043212 0.13369486560558413 0.9911002700049861
86 860 0.6853863445957943 0 298.2259445732096 -1.4492054456746126 10.870115411292746 0.064325175288344 0.3235502663583333 -3.4335406670492414 13.65714359346219 0.07634649636536545 0.9940123404570916
87 870 0.6684544078100132 0 298.3546341575658 -2.3205145233232303 10.155261665228046 0.08008784768922475 0.030963507783229396 -2.4774703197897043 11.85105396401363 0.12601731938033145 0.8970368980147212
88 880 0.6777887170652266 0 296.9379105239782 -1.9938819221782906 9.532098464706014 0.09788102776835331 0.46901685974164686 -2.4037134369878057 12.469502198120715 0.09001270721914786 0.925497412963856
89 890 0.6416685834250323 0 297.2437782108825 -1.8802618845539214 10.172033810640281 0.0683004830883287 0.37326507447469726 -2.5982860095677003 12.907196949541728 0.13148601274808694 0.9624665384385235
90 900 0.6413125283008505 0 298.8423174010153 -2.7967101235615357 9.643340898212982 0.048070872622073144 0.37260405553190673 -0.8138110737501458 12.418369866080056 0.24089166838813536 0.7964593572381875
91 910 0.6272497032267569 0 297.82256534374415 -2.696279332004895 10.133009813604433 0.07641406850766158 0.37311443054517557 0.6913068126857076 10.170332539663747 0.2312293290348933 0.8579325975206837
92 920 0.5840632979381499 0 298.6494191414498 -2.2930032836846963 10.417052901721902 0.1083018379997027 0.4770232755769773 -3.1448215321288813 14.75656493098532 0.04701880429798374 0.7884175095951096
93 930 0.595381520993604 0 297.6541028930344 -2.4833631630085735 9.982896757908925 0.10222996148937796 0.369697377195885 1.4494527580509995 10.911667708237548 0.18801308086853596 0.8791951158507041
94 940 0.5869401478644497 0 298.5593373205867 -1.938175462358494 10.532703581223378 0.09936173407064136 0.29104005518729176 -0.483339310659896 12.81386232044339 0.060455418478581074 0.9705194986516663
95 950 0.5701293090994924 0 296.604890028417 -2.506925660395639 9.845844349063572 0.09867064968196249 0.5148573729261061 -0.438460166848625 11.982463980905946 0.10766001469314262 0.9480195397738479
96 960 0.5461443613260885 0 297.7555323682344 -3.0777507438200917 10.354816688419012 0.13531638672084517 0.31145488728055554 1.134494431024575 11.034287489721805 0.1754242535822998 0.999934744188728
97 970 0.548350137892472 0 297.3341596817876 -3.0600291835645534 10.89399922624445 0.0521353964639138 0.09625077120623834 -2.0347143962930154 14.442835658420462 0.12886092853768838 0.9475341709834
98 980 0.5953954312992662 0 297.5204778744634 -3.4633293049439513 11.191377573572865 0.045894984506476194 0.4056968652194111 0.20744287403589778 12.772379348702597 0.11929287096764798 0.9082448377062093
99 990 0.5602016848439438 0 297.9713583318869 -2.4924062261891713 11.081956563373344 0.05255605298030211 0.47204616562994406 -0.6510591641403103 13.527759387162165 0.17007812993568516 0.9993376365833138
100 1000 0.5081024999275136 0 296.8917348210372 -2.749473234694364 10.805887387933485 0.06834438986217559 0.43906023443204056 -0.4236217940223236 12.706649249687361 0.14720370209056022 0.9963240788752575
101 1010 0.4687827642158259 0 296.6920087716538 -3.8068245561554734 10.559050929899941 0.06010371308639498 0.14750794770634462 -0.5339753331380933 12.839394002921463 0.1574877004375923 0.9969965684315705
102 1020 0.4478864090877219 0 296.4477014651477 -3.949116601441624 10.360097229939054 0.07259296473684893 0.09882089505335095 -0.07605511056451231 12.639601633268446 0.14384312739239943 0.9751491830395826
103 1030 0.4382079968117982 0 296.49582433388935 -3.6639588276305535 10.386787075448522 0.07408013972380742 0.2826904006825327 -1.9997607914987918 14.462724276408526 0.08301357403897225 0.9619112659934239
104 1040 0.4408805801680608 0 296.6783148186228 -3.7282987696819583 10.66849028461092 0.059114849909286143 0.32120257331293234 -1.2381173551317826 14.452415991862416 0.09421329617341145 0.9791151605494562
105 1050 0.42233761433207584 0 296.5659883402785 -3.738634057065409 10.442719207966467 0.11209403869188608 0.1609170594147163 -0.26876505855949573 13.328454566545663 0.12223218057360516 0.9786066101582838
106 1060 0.3891952077285159 0 296.3624726266784 -3.8127500906239553 10.517619261340686 0.0627297543784856 0.17625887249779587 0.23623819421165626 13.172823778205494 0.1374245432476573 0.995286062763511
107 1070 0.41870546886064713 0 296.1704931027765 -2.6371159483487867 10.016364941268382 0.08912847674928298 0.2945254544131479 -1.3679703276686768 13.264950729016524 0.12348595385008876 0.9794991914439838
108 1080 0.4056834109662232 0 296.13147580632193 -3.289853172663303 10.245964420874929 0.09122785190165822 0.18754674813885547 -1.165015652618596 13.48534473255888 0.10672001481624654 0.9923200344705806
109 1090 0.39061240150760634 0 296.0924300037697 -3.0576539638374847 10.107738873312663 0.10193375530809859 0.2830372211870381 -0.21136928459373472 12.152737858033976 0.11824734923869493 0.9991969337835722
110 1100 0.37432439580262183 0 295.71497236988375 -3.570033122926697 9.402327472640945 0.11091798988140592 0.3067786522396444 -0.3078429913376085 11.645600827166557 0.11095742213199064 0.9687990139957626
111 1110 0.3555986167381476 0 295.9406341368579 -3.7354077326112423 9.86085044151491 0.0972234924235317 0.21097867520197564 -0.6566108788625264 12.504342463249845 0.13898907351190995 0.9979102033492047
112 1120 0.3227652264872774 0 295.72918272985174 -3.5378631043656377 9.633582984519743 0.10639565503398918 0.3010286391686996 -0.22903692788345592 11.971985472662055 0.13525873983378528 0.9971563009977332
113 1130 0.29603904956583177 0 295.86521496635544 -3.48844742938181 9.860144292186167 0.11572397687939451 0.3106272287658869 -0.07358675185680186 12.350688154620435 0.10466920969276111 0.9978882947926699
114 1140 0.2930176993898991 0 295.77537396714524 -3.609240694827993 9.745401624594912 0.10864818846208965 0.37747918008695575 0.438508599358856 11.702028917964217 0.12599006105525878 0.9792876188251709
115 1150 0.2935317100513848 0 295.90589518502355 -3.008879668457924 9.777559481683523 0.10958086120461707 0.4126973326887814 -0.26750545996643665 12.422184161798343 0.11519348908483992 0.9979580973188208
116 1160 0.2804430094061289 0 295.76056466971477 -3.169514080430994 9.585174052713196 0.10365770411180131 0.3327176367482432 0.3010183603663113 11.957923595073058 0.12146168052297729 0.9986697691920186
117 1170 0.301308167298942 0 295.6227774805392 -3.800307449527764 9.318492588470505 0.0842520460995475 0.2973566096146947 0.20625923595861553 11.918826482308736 0.11969243931626752 0.9767025437726429
118 1180 0.3073044369517804 0 295.52516943556145 -3.20689325263268 9.09666860421951 0.0929852038193931 0.3343848610458167 -0.11129397598240787 11.944149149960662 0.14254968443683202 0.9505107388365225
119 1190 0.28521463619431203 0 295.5514446486809 -3.6711513409621848 9.586449560112557 0.09790522192831724 0.26053979042340847 0.10636309290907664 12.311173953518225 0.123229181120012 0.9981704026462898
120 1200 0.27851132107804794 0 295.42829539017293 -4.172043474092088 9.560770202190177 0.09649921262803254 0.3041717471242378 0.5764878415859084 12.249492857858247 0.121363660848988 0.999884157099989
121 1210 0.29303455085818114 0 295.57890471740734 -4.5181332871919695 9.815564952443268 0.09949660735151608 0.30078396913152555 0.7526227630115667 12.593211592633132 0.11573348244665835 0.9782473498313295
122 1220 0.31130524522090564 0 295.3904120610388 -4.5621633713860446 9.469478903698352 0.08667590004315259 0.2777292832651347 0.7964812902365381 12.895448033122642 0.12448103685948353 0.9970093360796367
123 1230 0.30951026441223267 0 295.28988720002917 -4.441842425677568 9.216723255288594 0.0957053066676857 0.27231996339231485 0.5456660458443707 12.520720462314042 0.1421451229086756 0.9862008769868459
124 1240 0.31221069898047416 0 295.1996931474772 -4.189815925830042 9.232412116011025 0.11334831157111067 0.31782504076360374 0.07459632639513991 13.267626539416101 0.1181059022663358 0.9999148198203959
125 1250 0.2689107809031855 0 295.42775233738354 -3.8815729960366445 9.540435659134719 0.10291204639707027 0.32055913960006044 0.22623909036748574 12.69645474834709 0.12006010129244343 0.979363209844768
126 1260 0.23702024037712777 0 295.28680969528307 -3.947611652201596 9.286614866842122 0.11432953226373518 0.3449745272633608 -0.1081068398328725 13.40406520158752 0.10633529301509412 0.995445899341841
127 1270 0.2297462859385301 0 295.30249260463177 -3.9929730337001157 9.21579336626484 0.11686776908959354 0.30658501518127645 -0.3603386341501629 13.60333607964973 0.11496437490756167 0.9774160888906844
128 1280 0.20808275625955533 0 295.23204104796525 -4.132978974174561 9.252371878051 0.10329324159871767 0.25381562381035244 0.4379890019869391 13.029598485746241 0.12272334290308892 0.9996946591487081
129 1290 0.21781134059954485 0 295.06637306777634 -4.132460313192103 8.921608796463168 0.11259684042842574 0.304257445087373 -0.020569889012584996 13.269666643447858 0.1226487596026837 0.9798177723619984
130 1300 0.21328987075648564 0 295.0783403428719 -4.0312695638330345 8.918504766288576 0.0973854741807644 0.27557024391995527 -0.0016914987533914391 12.917659020236687 0.12212571518336096 0.9837544720199894
131 1310 0.20004731941310364 0 295.0909818165355 -4.203127554344452 8.911446231730983 0.10672350416415072 0.2606869139903897 0.38580900135237395 12.645741879111146 0.1131952154225766 0.9925050353973343
132 1320 0.19424881464697957 0 295.0551199361059 -3.8432481343292184 8.795197665582716 0.0989061948437151 0.29302061323118034 0.04736857499927612 12.609650774998645 0.11773669363109893 0.9948531484163035
133 1330 0.2139924364631214 0 294.99556185333563 -3.6858503317689637 8.627027383897511 0.09999840747333677 0.266681348495522 -0.10543956454112013 13.27291766238145 0.10864402789217698 0.9926564897456999
134 1340 0.20681287051135744 0 294.8766523986273 -3.8654981817340426 8.617046537292724 0.11004936525717426 0.32596509886239017 0.013027198220607616 13.011781295150348 0.11139119637397046 0.997319924884356
135 1350 0.21604548105925342 0 294.9695510845997 -3.5961090297840883 8.64396090736092 0.11295866820534003 0.26657102544576045 -0.6366553303914837 14.112514945782593 0.10816522586893842 0.9996588835271797
136 1360 0.23194376632997343 0 294.86756885313866 -4.161824916676865 8.49463169072227 0.11623485084476975 0.3465209062473667 0.05940121819239291 13.51915103212566 0.09749077372033005 0.9999506692975971
137 1370 0.24858989330949674 0 294.7301738374966 -3.436343377496303 8.220641442299282 0.11639965232616345 0.33834857569830457 -0.7907640801223825 13.757409819685796 0.09806191663283662 0.9999874307253505
138 1380 0.24979131341761956 0 294.79925469700515 -4.119975277396342 8.366772217079435 0.11813524588313998 0.3389335833445083 0.2601196929006866 13.73888286749305 0.09933981870188835 0.9927367911978815
139 1390 0.2311204441062778 0 294.7074939225625 -4.473028007672008 8.384627826545271 0.11607863063969573 0.2895175402130914 0.1313655799474812 13.498032711337117 0.10999973835238802 0.9971446299964309
140 1400 0.24621195754753922 0 294.5706274010932 -3.9840467392096577 8.01635955314855 0.11702275092259384 0.30604429465896976 -0.1267773537684777 13.814209745984803 0.12551462547748618 0.9966524182762622
141 1410 0.2911141007427821 0 294.56926422709074 -4.5391569929887865 7.704402019203563 0.11315146315278082 0.26234707418868636 0.6395887483687779 13.225425682119699 0.13714359067759416 0.96897328256563
142 1420 0.36429152273871185 0 294.36002850257165 -3.7027235542169956 7.321155768148629 0.13528483650177595 0.3634388591197308 -0.7239398354134516 14.495143282445767 0.11719649379687896 0.9869773446738507
143 1430 0.4305281198410131 0 294.3715566842758 -3.4550116242511817 7.38823803337301 0.1196821084765802 0.3866861882485192 -0.8502650800592266 13.892795022330871 0.11887260100734506 0.9711779738720094
144 1440 0.44233386696237587 0 294.4119544067263 -4.609566006527548 7.46683869574887 0.13633461414165704 0.32683090541316 0.14926132598766845 13.58668253880563 0.10546163515741067 0.9704047264140876
145 1450 0.4511439574562808 0 294.1093215505312 -4.548172470818157 6.831491407550253 0.12878034982770298 0.2285342618351411 0.4630379893958165 13.182091434272545 0.10574565423291732 0.9997783355239439
146 1460 0.45529087554336545 0 294.1496300122828 -3.5461983119643583 6.628985959069467 0.15100113475293603 0.3710180109224326 -1.5037900078682978 14.455292687440052 0.09773350157234245 0.9999789107473899
147 1470 0.49279344120286095 0 293.8280337348946 -3.5222768604654564 6.3291338804824075 0.13653754238703894 0.3563076951945576 -1.1417167930855916 13.659277775038351 0.10316788731987028 0.9926170576166143
148 1480 0.6035052183712857 0 293.7126708210802 -3.6169187131191283 5.242566542698612 0.14268302738924302 0.40196808438848763 0.7113055274066732 12.464194436633125 0.14474394073466773 0.9675335795671811
149 1490 0.6116446138467596 0 293.76281214998687 -4.318873764514898 5.671566481749834 0.12356440952237727 0.3420138335666511 0.6562959534952663 13.275340148989642 0.14990143931956992 0.9952718969399726
150 1500 0.6410003061311279 0 293.53787302617627 -3.272495575743309 4.799621445783903 0.1400492100168591 0.3197204684545219 -0.8310467486943842 13.398510851453395 0.13525845493581715 0.9947577963626928
151 1510 0.6412575114925807 0 293.2785040754096 -3.7065778713889235 5.456089880833247 0.13114330134046082 0.35717203780980783 -0.23124020476997198 13.914115008871153 0.11817558403495837 0.9961980372398535
152 1520 0.6600482842803125 0 293.17005565783245 -3.2276031176218667 4.746222013449212 0.14957389909142207 0.4319703451101098 0.6091856812377772 14.01334468335664 0.11878793298040516 0.9918913993814578
153 1530 0.6748881524334774 0 293.21189237869316 -3.1411404606415188 4.596601049038194 0.14047950816465218 0.26261243785965116 -0.8324594428672043 15.671506742034783 0.08748007269383917 0.9857382022404492
154 1540 0.7410579333457713 0 292.99678601568667 -3.1250463895797282 3.1776088580530453 0.1687565954029956 0.35752059601352 -2.1527354706664594 16.691309267891537 0.08721447925243281 0.9486149055003515
155 1550 0.6832937286284954 0 293.27384713202866 -3.354391435663441 4.231680895644463 0.13366370691394777 0.3028394651491375 -1.4462906026670541 17.428102637323583 0.0833485057832854 0.9709292887720565
156 1560 0.6617489661259269 0 293.3155177944781 -2.9589598810585027 3.842006683469657 0.1774010937122717 0.4142186887262681 -1.9048659809440869 18.046438566570234 0.055627221497749874 0.9974250626136673
157 1570 0.5999378356312053 0 292.9146996295428 -2.6308564210529184 4.303661936649026 0.16041600497338715 0.4591214820470252 -0.44201275985337873 15.41398052829403 0.08909277592069684 0.9999998255376565
158 1580 0.5622677836471247 0 292.95152171651824 -3.175235272320399 4.197718756834253 0.1539809485857382 0.4634657331566037 -0.41648566680217297 15.052859660540019 0.10025237271677934 0.9995022861755877
159 1590 0.5299917531378133 0 292.8082302665477 -3.1095715827141546 2.9697286035485106 0.16235686454264053 0.4177533260003671 -0.11679846519432269 15.848159781938698 0.07719551848646183 0.999222395406064
160 1600 0.5134034273660478 0 292.9269461345599 -2.1643038740656246 3.063660401281876 0.16242549266933815 0.49523772817222833 -1.6150616162447748 16.04338842226462 0.07393490970384728 0.9642023785762247
161 1610 0.46608707922119014 0 293.03383384061476 -2.87027785095531 3.4708061463086293 0.14456118580799035 0.3172317714892016 -0.6555231225832387 15.405769632215772 0.10104180039836355 0.9566670474392162
162 1620 0.4225630407137219 0 292.57704810807644 -2.681785411917354 3.221477974431047 0.15936981432069885 0.38887348874733485 -1.601506096573971 16.334928496948066 0.08557354701876269 0.9893104288778904
163 1630 0.40060696921881617 0 292.61131077378036 -2.4917255618825793 2.672638866453233 0.16969466472637085 0.3425096805765727 -1.9668492511406133 17.231159905001526 0.0834722059684049 0.9993627167974917
164 1640 0.41850616631362336 0 292.5292918342076 -2.2769255985818355 2.6269024410710466 0.17380499865279314 0.4250651444188178 -0.9210087061302841 15.57220458858158 0.09664007008767608 0.9998514649145657
165 1650 0.4176804443388562 0 292.4714927583951 -2.241640374171933 2.763341414494045 0.17883446686833127 0.45068678345084456 -1.0647584079532602 16.613144547894567 0.0796135334039994 0.9999935527471903
166 1660 0.4329978894772757 0 292.5419883353261 -2.8208632243393774 2.8744618398831325 0.17051893044182898 0.42887696744100207 -0.2327336364175958 16.16550666870793 0.09154901987702624 0.9967084600341395
167 1670 0.387135054706784 0 292.5299309075926 -2.760186027430033 2.7795812472638914 0.165958590721152 0.415323492609515 -0.9911347944823174 17.05738233573335 0.08733192197865608 0.9858462328273992
168 1680 0.33185388905808116 0 292.4820885219669 -2.5034111947309423 3.1190176999479506 0.16134753464080753 0.41358258733751047 -1.15969545846447 16.613649102184677 0.09423474709479773 0.9995329603289034
169 1690 0.2815030301909902 0 292.47259638375755 -2.411228834884486 3.11939887231379 0.1668581164564485 0.42844948184526516 -0.9140582107901578 16.221082212083715 0.09093130950086883 0.9982152651525887
170 1700 0.25625411804990195 0 292.44850699209576 -2.3260483558205984 2.829539312113337 0.1760960648439686 0.4334107644910255 -1.1211004109331266 16.613772526721604 0.07950666866110542 0.9995489030227188
171 1710 0.23832690813724833 0 292.4506489190189 -2.1540652066207717 2.7688099283654415 0.17510501445098786 0.4428829001402101 -1.2715053536292413 16.79258396407634 0.07952729004039322 0.999811811046428
172 1720 0.2118489685749876 0 292.43992590126936 -2.553578244290944 2.9114428967157155 0.1682572505758898 0.4053618528359036 -0.8125629316569487 16.393454024688157 0.08672744367426954 0.9994917277549294
173 1730 0.18786628191631846 0 292.4296647551191 -2.2668092617413493 2.6942965103680603 0.17138481914903053 0.4341094640352544 -1.1357609665344535 17.0489115729974 0.08339759322288004 0.9996947929025432
174 1740 0.18236924849671923 0 292.43331778453705 -2.4162533345553285 2.780649025667221 0.1729446833673165 0.42867589470225026 -0.827534679840024 16.46930672884138 0.08913823404988089 0.9979984855190168
175 1750 0.15945643775688217 0 292.4329925763884 -2.232338256879902 2.6827451418788617 0.17552506609570456 0.43545692025804883 -0.987910560408944 16.453984374360097 0.08485091313260484 0.9989673447685569
176 1760 0.1536947805149849 0 292.4324006813128 -2.2947453049990063 2.606985440344438 0.1737783169865822 0.43879998061869496 -1.2196659047893148 16.876438264011927 0.09074765922109837 0.9999995085665513
177 1770 0.15022159892032275 0 292.42892218844736 -2.3397638341300144 2.74474757578183 0.1675407823763882 0.418225953243055 -1.33224030809312 16.70536029368962 0.08882726255581544 0.9963176742229823
178 1780 0.14364548309176114 0 292.4205747301725 -2.1891971247679125 2.578988231513778 0.17238641941866423 0.43591125026583805 -1.315296748365507 16.585530158471403 0.08614842654612534 0.9999788019140425
179 1790 0.13048222123104702 0 292.4147075100846 -2.369666160735644 2.5337661185496545 0.1729018980034538 0.421842102743641 -1.2884771763754856 16.889818697345383 0.08632519423198781 0.9986499954888209
180 1800 0.11804792269324588 0 292.4099419545633 -2.3028625153202156 2.643808472540851 0.17300411858511588 0.4206969609706845 -1.1926654786543922 16.708624035443155 0.08596054960855792 0.997830968708743
181 1810 0.11232531101142788 0 292.40812537211247 -2.2439235492878784 2.58590083190397 0.17466505656866244 0.41480205389754354 -1.2977622252610341 16.865812093888966 0.08606590747807033 0.9988364808343777
182 1820 0.10288355898007456 0 292.40415880564694 -2.250646543296806 2.5327118169848233 0.17415882939387178 0.42138991594329456 -1.1893690331575792 16.80080251722385 0.08423445242653829 0.9998356898965575
183 1830 0.09194281751229638 0 292.40475793530516 -2.349854709362544 2.682077605802002 0.17275961167550175 0.42008480640011875 -1.1876299480283177 16.758552401099486 0.086516218799288 0.999947435736193
184 1840 0.08331030675658946 0 292.40629761757816 -2.2733807112650948 2.5768511150266953 0.17199650179913428 0.4277558997575336 -1.2008488972948241 16.762421199788214 0.08676646635729876 0.9998816050055778
185 1850 0.07509858844509429 0 292.4029793496094 -2.293709560381805 2.579651266982905 0.17296985622077043 0.42056877556135625 -1.2285296611568466 16.767292569706257 0.08533043533454976 0.9996864042163998
186 1860 0.07324223564760252 0 292.402735274395 -2.2373589719006377 2.5524314506493884 0.1730748670022214 0.41736726120391626 -1.2732701571961187 16.92186935945694 0.08523648673008419 0.9999079203857396
187 1870 0.06572497162263848 0 292.40285606973976 -2.273878223500458 2.625085339281689 0.17106083840265474 0.4190879536422328 -1.2157307486998628 16.77423765455538 0.08656086332056484 0.9999399409816083
188 1880 0.060003915902076745 0 292.402186426373 -2.3071652558249274 2.5345797512181245 0.173513913134564 0.41442586378563206 -1.218316643022477 16.815392690084835 0.0853071189958802 0.999945887412077
189 1890 0.05586864911588251 0 292.40222083900426 -2.3256761366675227 2.5491160824577865 0.17397380743319102 0.41512179247101877 -1.2005105995586702 16.862624780227357 0.08504925724692747 0.9999664603730027
190 1900 0.04845430529924191 0 292.40129168768885 -2.3102268975232305 2.5923464719445968 0.1729360784908726 0.4167427482189391 -1.2195171566604264 16.82657774538931 0.08579948171974419 0.9999485196399435
191 1910 0.0445852699347081 0 292.40286603171376 -2.310490034778634 2.5686529386678907 0.1734095451519534 0.418175629116371 -1.1920644156267317 16.80977712610243 0.0847686742089685 0.9996603675724749
192 1920 0.03933537338004897 0 292.40157820076365 -2.2892482675027095 2.5897429738754836 0.1732902585226035 0.4156628535645929 -1.2393551011120867 16.87214964525825 0.08530065996126082 0.9999601645257941
193 1930 0.034009964871954644 0 292.4013663021882 -2.2696471545879287 2.576006978941557 0.173115847665618 0.4171683089741709 -1.2205019348048343 16.823188387915724 0.08508163940514735 0.9999598336860072
194 1940 0.030368033126897055 0 292.4016713740661 -2.2741318042871423 2.569999331808378 0.17423476246514957 0.41680004982737656 -1.219817641163064 16.804393324575948 0.08539891194487303 0.9999298984344167
195 1950 0.029873293024285125 0 292.4010663974175 -2.2789817423979977 2.593653170215577 0.17320749198504598 0.4161732060828394 -1.2299696956651895 16.81212480536576 0.08540528230713815 0.9999998303001584
196 1960 0.02799132367277147 0 292.40111444739205 -2.2811964910897355 2.593972904797114 0.1733509571615945 0.4167121267539196 -1.2141845546344276 16.780163717018823 0.08552200945148541 0.9999947183869524
197 1970 0.026230552503318474 0 292.4011322574425 -2.3068266058998788 2.5748969791918515 0.1730989609721738 0.4151073410292989 -1.2213706975719305 16.84382992977408 0.08552747572136701 0.9999910431417278
198 1980 0.024035315755560945 0 292.40114421549595 -2.2773741394798646 2.5852238126796405 0.17314459761031936 0.4151456905846862 -1.2463521705108058 16.81683342148351 0.08510945448974191 0.9999862442641823
199 1990 0.023284491316338914 0 292.4010963501053 -2.2872084833072277 2.5950689214435245 0.17316220181129094 0.4169637768293178 -1.2209748094974673 16.763164576017154 0.08552985238065128 0.9999989351159444
200 2000 0.022334671993862396 0 292.4010552001474 -2.2806037503419674 2.580453399529094 0.17310718610544756 0.4173559301010392 -1.2232174445573603 16.808515196106203 0.08515856731824359 0.9999998611566097
201 2010 0.020112984965303664 0 292.40108874965915 -2.275302593567877 2.5740371579522594 0.1733013242231623 0.4169886754795823 -1.232266746377835 16.788856494717717 0.08541799287763727 0.9999999894045878
202 2020 0.017954614491902738 0 292.40103117045055 -2.2779954471345745 2.5815361276360593 0.17315853109699136 0.4176241678825966 -1.2189268408684726 16.80379030618758 0.08557881991739028 0.9999991711966985
203 2030 0.015606584968821844 0 292.4009823056821 -2.2858973154446818 2.5858222150267527 0.17302598755979437 0.41694795508982874 -1.2173920419735993 16.78964261130107 0.08566242912217503 0.9999908960877234
204 2040 0.014809774893198051 0 292.40094817810484 -2.287569574937159 2.582327719808835 0.17296100755963933 0.41632744414843603 -1.2136869843519769 16.793318993505512 0.08586053955199974 0.9999973117833065
205 2050 0.014425553306672724 0 292.4009806055584 -2.2980386296542514 2.581635592934965 0.17320049253598907 0.41574570157436375 -1.2141524290106902 16.81062294280821 0.0852738911675916 0.9999961434093904
206 2060 0.012619840491157688 0 292.4009517894823 -2.2934855095056723 2.576557415608365 0.17314025450028625 0.41597038956140975 -1.2136114819198327 16.79778540053208 0.08555212779171181 0.9999994699135468
207 2070 0.010749298803475589 0 292.40095728205097 -2.2954121492372646 2.5888871959149653 0.1731172484854579 0.416202162094999 -1.2106954521407352 16.786258907244445 0.08550424864903197 0.9999957540453124
208 2080 0.010401832877643522 0 292.4009258078248 -2.2940405309896708 2.5892865818428827 0.17299051002421506 0.41667167627108675 -1.2091294324998247 16.79416183232585 0.08581546944316062 0.9999989222478888
209 2090 0.009667509596281387 0 292.40094358886324 -2.2976152073175524 2.593242178758425 0.1731048279441016 0.41601975462339547 -1.2042895640057176 16.780537820081747 0.08578014157194122 0.9999995952997479
210 2100 0.008498760987262913 0 292.4009096018967 -2.293929964336084 2.5875450305453183 0.17296381310179643 0.4161904726793563 -1.2096417315871015 16.797625914732603 0.08572587226369774 0.9999997166511773
211 2110 0.007995706661840995 0 292.40090685480584 -2.2950060444216156 2.593545528026069 0.17293880645482324 0.4159830799991982 -1.2128069134145025 16.795237396787375 0.08575592831426429 0.9999998261303134
212 2120 0.008632164831324231 0 292.4008980464912 -2.294593536333004 2.591120817643094 0.1728748355237339 0.41614404447989994 -1.2160421844980016 16.794529237005165 0.08580566237730378 0.9999996926791817
213 2130 0.00860472615461799 0 292.4009108938802 -2.3004506143447 2.5923726471708335 0.1729646513058033 0.4154175672191784 -1.2127722853119893 16.800430194116153 0.0856851005725561 0.9999976013007679
214 2140 0.008881804943950087 0 292.400904429182 -2.302070572306522 2.5936430687342464 0.17293872235675933 0.4153090087876554 -1.2149416281603982 16.793907162512934 0.08577739062061368 0.9999993073025804
215 2150 0.008131027665141503 0 292.4008981726407 -2.2935975384091027 2.58968364065244 0.17302212186820626 0.4159455494958225 -1.218650623424765 16.794565530373575 0.0856961876561011 0.9999997830117745
216 2160 0.007781555256805114 0 292.4008873061717 -2.2990502415958023 2.587674161301321 0.17291335262081126 0.4156282687270408 -1.216944513525163 16.79953515526204 0.08570324524142572 0.9999999961751289
217 2170 0.007118825278061425 0 292.40089189018545 -2.292872802948629 2.586182935040184 0.17293048578377362 0.41602670825863425 -1.2201408462889012 16.802031632410795 0.08564359625617196 0.9999994703916487
218 2180 0.006448455610557299 0 292.40089034035617 -2.293869506343304 2.5868745239158826 0.17286331926248627 0.4161059043314777 -1.2222261720232837 16.80564061072406 0.08567611763068411 0.9999999982794874
219 2190 0.006695211931707636 0 292.40089241260324 -2.296221555789289 2.5852672660470373 0.17288454999466724 0.4155226313908265 -1.2224899470650987 16.804455486062757 0.08556952119902261 0.9999999999420562
220 2200 0.006011709120740161 0 292.4008925632068 -2.2978596667135203 2.591747183618456 0.17286323889923916 0.4157791159450609 -1.2153801419532089 16.79724241532721 0.08577735232870437 0.9999992978037683
221 2210 0.005177047465147679 0 292.4008896213812 -2.2963867335550385 2.585874824424858 0.1729727707195075 0.41566407503062347 -1.219022142473545 16.80037361460719 0.08566303855294266 0.9999999468534841
222 2220 0.004956094844931631 0 292.4008885683995 -2.294052300585388 2.5876987429443683 0.1729317752459678 0.4158784605763734 -1.2239250388231526 16.802151063112156 0.08563918919294727 0.9999997618910332
223 2230 0.0045821838422961695 0 292.40088878769546 -2.2960115268054264 2.588046760249218 0.1729835976059761 0.41588151132968637 -1.2229096137937419 16.802811607266857 0.085614753091861 0.9999998496449642
224 2240 0.004528689597268697 0 292.40089090058245 -2.298093170104581 2.591847199043334 0.1729278814684811 0.4156543329718775 -1.2201877744943375 16.79760291494219 0.08562110863372074 0.999999577628904
225 2250 0.00409157828570105 0 292.400888288654 -2.2974918020002737 2.5887444810104387 0.1729003066255898 0.41554370423566833 -1.219855630613253 16.79952224808063 0.0856928396396908 0.999999596284151
226 2260 0.003645352828624952 0 292.4008876696296 -2.2973946390550744 2.5879461235208825 0.17297481532856634 0.4157259240996967 -1.2188335365133731 16.800567974959545 0.08562476000635638 0.9999999129002378
227 2270 0.0034117524586928594 0 292.4008866177303 -2.297528364292197 2.588207569225246 0.17295468639328127 0.41579316892298096 -1.2172715992797178 16.799263025705955 0.08565245764547372 0.9999999919433771
228 2280 0.003667399843945705 0 292.40088635544475 -2.2963078112778588 2.5883265035258387 0.17289216356308412 0.41601580766320145 -1.2187114892012163 16.799515605898335 0.0856883594104361 0.9999998498444331
229 2290 0.003427312507428526 0 292.40088512925036 -2.29695912798897 2.587814348953486 0.17290578730167983 0.415854461387454 -1.21843380482107 16.8013713025633 0.08567074966987581 0.9999999494687706
230 2300 0.0028702060661502295 0 292.40088598905976 -2.297464776656065 2.587604605425892 0.17290096316791675 0.41580958661446205 -1.2195231370354418 16.798771203959827 0.08566177893917579 0.999999860562713
231 2310 0.0026544392335645633 0 292.4008851729404 -2.2982974945586565 2.5901290468418323 0.17286858700194718 0.4157853347203011 -1.2185461593211009 16.79945544836998 0.08568607483708254 0.9999998912652237
232 2320 0.0024663639447490655 0 292.40088534115034 -2.298602261815122 2.589748050928939 0.17283706404925547 0.4158000205598924 -1.2180413335695122 16.799671786123724 0.08568054919884685 0.9999999862083648
233 2330 0.0021790548598308846 0 292.40088478803455 -2.2978515223290104 2.589488995216114 0.17289049400252238 0.41581758130799595 -1.218527135703232 16.798853668167396 0.08565896915436086 0.9999999979513986
234 2340 0.001972870530025396 0 292.4008852459226 -2.2973102195475437 2.5888122912768483 0.17291953881762678 0.4158135435135978 -1.2186015053343728 16.798992527135315 0.08567183341408668 0.9999999009442463
235 2350 0.0017313876854450417 0 292.4008845710973 -2.2969947502036168 2.588196310019123 0.17289269236919758 0.41579827816327053 -1.2193696060543742 16.80104396332799 0.08565306176634643 0.9999999952479964
236 2360 0.0014877640982974582 0 292.40088467793163 -2.2979416881069223 2.588654076162232 0.17289143537601143 0.4158299489811841 -1.2189048524752806 16.801025297013254 0.08565340815612885 0.9999999865489605
237 2370 0.0014126090402068736 0 292.4008844667538 -2.2974462846490535 2.5884164772597695 0.17288199855412634 0.41579355487880304 -1.2192088363866758 16.800998814710233 0.08566134727023009 0.9999999925923819
238 2380 0.0012695665701907167 0 292.4008844107326 -2.297109709081014 2.58905725271202 0.1728900662975762 0.4157933197605407 -1.220120418973239 16.800465008222517 0.0856625612412007 0.999999999965238
239 2390 0.001074522884566413 0 292.4008844902244 -2.2971369103147206 2.5885792377053094 0.17288868678650027 0.41586410485991804 -1.2193932995575825 16.80081638567188 0.08566379433013246 0.9999999906639718
240 2400 0.0010039531957975261 0 292.40088446962886 -2.296849861555185 2.5889245333257405 0.17287932776014658 0.41584868797134444 -1.2199087507090065 16.8006791461961 0.08566388450576903 0.9999999962981865
241 2410 0.000946659539162628 0 292.4008844791956 -2.2971768703904303 2.588470841715078 0.17289665656301945 0.41583515529290765 -1.2195992959906654 16.801065768612062 0.0856674772918321 0.9999999819768599
242 2420 0.0008802886691741688 0 292.40088451006204 -2.297178604175215 2.588892240282243 0.17287140148418412 0.4158108300247816 -1.219807065029653 16.801362194519427 0.08566361122628591 0.9999999781290845
243 2430 0.0008561566908513275 0 292.40088450538383 -2.2971269525351286 2.5888825331987664 0.17288084430099965 0.41584427746423785 -1.2197299753340307 16.801417133969927 0.08566454477482996 0.9999999901561752
244 2440 0.0007801938669014156 0 292.4008844463077 -2.297274559071115 2.588877957230212 0.17288492991228027 0.4158236625633244 -1.2197782653602012 16.800828445125035 0.08566157444473899 0.9999999738975747
245 2450 0.0007504540825199825 0 292.40088441683133 -2.2971194089345386 2.588449949900887 0.1728820282286288 0.4158382985665812 -1.219747748454892 16.800987936517245 0.0856638543781785 0.9999999945486915
246 2460 0.000673537459466632 0 292.4008844511996 -2.2971576319092333 2.5887996309541292 0.1728792023135035 0.41583331327958056 -1.219584227841211 16.8009287884753 0.08566108267943989 0.9999999849363873
247 2470 0.0006545336004991202 0 292.400884346338 -2.2972985106491275 2.5890180612730767 0.17287754652580084 0.41579477764352857 -1.2198607216280581 16.800421816226123 0.08566819245419527 0.9999999993423462
248 2480 0.0006050219097902564 0 292.4008843850125 -2.297201475288632 2.589037020443846 0.17288165496040747 0.41580893107126693 -1.2198892060355837 16.800676300537564 0.08565780980867094 0.9999999985459929
249 2490 0.0005757117546522415 0 292.4008843757123 -2.296973819424786 2.5888161606862155 0.17288542654154493 0.41579466385224517 -1.220099897449073 16.8006831072436 0.08566647249048345 0.9999999999997696
